0
0 207.41268157958984 489.69823837280273
8 327.35057830810547 210.71747303009033
12 303.6246109008789 177.1993589401245
16 270.04425048828125 185.5872631072998
20 223.57406616210938 224.58409309387207
1
0 197.74795532226562 516.5130615234375
8 327.81002044677734 210.81486225128174
12 301.910400390625 176.84200286865234
16 269.8811149597168 185.62821865081787
20 220.7881736755371 225.23945331573486
2
0 191.53812408447266 524.106388092041
8 326.86275482177734 209.54253673553467
12 299.7148895263672 175.15784740447998
16 266.1314010620117 183.69380950927734
20 217.12980270385742 224.94569778442383
3
0 187.23264694213867 524.6524429321289
8 325.4106140136719 208.50000858306885
12 298.77429962158203 173.86746883392334
16 264.30198669433594 181.07314109802246
20 213.25977325439453 225.47388553619385
4
0 186.81516647338867 528.5526466369629
8 326.04236602783203 207.52859115600586
12 298.8578414916992 171.53971195220947
16 263.95612716674805 179.96947288513184
20 211.96762084960938 222.51983642578125
5
0 187.98080444335938 533.5418701171875
8 325.2751922607422 206.18817329406738
12 297.3859977722168 170.2965259552002
16 262.94506072998047 177.9056453704834
20 211.15118026733398 223.15818786621094
6
0 195.24620056152344 539.0033912658691
8 329.2239761352539 199.8854684829712
12 299.6775817871094 163.55515480041504
16 263.159236907959 170.4884433746338
20 209.06211853027344 219.96321201324463
7
0 200.67914962768555 549.341926574707
8 330.84896087646484 196.56054496765137
12 298.9425277709961 159.1869306564331
16 263.1431198120117 167.65072345733643
20 208.30764770507812 218.94201278686523
8
0 201.60079956054688 544.9356079101562
8 348.3613586425781 192.16818809509277
12 319.15775299072266 154.5077419281006
16 280.3202247619629 162.78196334838867
20 222.87836074829102 215.57979583740234
9
0 220.16925811767578 552.6272392272949
8 377.26806640625 193.7492036819458
12 350.05847930908203 156.6991424560547
16 307.1331787109375 163.24034214019775
20 249.91497039794922 216.37065410614014
10
0 219.76594924926758 567.5689888000488
8 382.1999740600586 181.33654117584229
12 352.59727478027344 140.22369861602783
16 306.22880935668945 149.3458127975464
20 243.75921249389648 206.19868755340576
11
0 250.95993041992188 590.9017753601074
8 416.75838470458984 185.4820203781128
12 384.9597930908203 140.9287405014038
16 339.9424362182617 147.4743890762329
20 275.1192855834961 206.56120777130127
12
0 272.8203773498535 617.2052764892578
8 432.37926483154297 202.53002643585205
12 403.74237060546875 157.8633213043213
16 353.8239288330078 163.2452917098999
20 286.5540885925293 223.27119827270508
13
0 277.88330078125 621.9791793823242
8 427.1588134765625 214.3066120147705
12 399.6238708496094 169.17882442474365
16 355.50628662109375 172.96385765075684
20 295.4760551452637 228.2614231109619
14
0 263.1313133239746 503.13257217407227
8 402.6875686645508 206.61091804504395
12 378.57540130615234 167.90189266204834
16 339.0861129760742 167.2256898880005
20 280.0297164916992 216.83137893676758
0 237.43776321411133 589.5306587219238
8 406.93775177001953 210.32637119293213
12 375.09666442871094 167.93805599212646
16 338.2677459716797 174.24901485443115
20 278.9337158203125 219.53608989715576
15
0 233.29015731811523 569.9102783203125
8 392.8804397583008 206.26627922058105
12 366.1767578125 167.1589994430542
16 327.03136444091797 175.06799697875977
20 271.2604331970215 213.8612937927246
16
0 259.304141998291 486.90256118774414
8 382.0216369628906 198.5469388961792
12 360.6623077392578 164.5206356048584
16 328.0958557128906 167.6193380355835
20 276.30767822265625 211.71940326690674
0 237.5821304321289 536.5932083129883
8 385.2070999145508 204.19846057891846
12 357.1675491333008 168.36472034454346
16 324.9695587158203 177.0915985107422
20 276.3693618774414 210.85607528686523
17
0 245.88882446289062 517.5896644592285
8 378.7531280517578 208.14577102661133
12 353.70044708251953 172.61597156524658
16 324.25437927246094 179.45610523223877
20 280.3217315673828 211.56509399414062
18
0 251.39925003051758 496.5398597717285
8 382.00904846191406 209.83068466186523
12 359.14527893066406 175.26300430297852
16 328.46839904785156 180.0511121749878
20 286.66189193725586 210.35990238189697
19
0 253.32250595092773 484.16770935058594
8 373.74534606933594 209.5565128326416
12 353.2588577270508 177.22273349761963
16 325.2351379394531 181.6201686859131
20 286.97532653808594 209.0750026702881
20
0 254.25718307495117 467.15206146240234
8 367.0713424682617 212.79079914093018
12 347.81288146972656 182.4935531616211
16 320.05577087402344 186.003999710083
20 285.63026428222656 211.12328052520752
21
0 251.95104598999023 463.40283393859863
8 360.32649993896484 212.67961978912354
12 341.1213684082031 183.3772373199463
16 315.06277084350586 186.31300449371338
20 279.48089599609375 210.92854499816895
22
0 244.6204376220703 475.9195804595947
8 350.6223678588867 208.77493858337402
12 330.08445739746094 179.0440320968628
16 302.34893798828125 180.1750659942627
20 264.41843032836914 209.45697784423828
23
0 244.34768676757812 485.59329986572266
8 352.6631164550781 210.94506740570068
12 332.07202911376953 176.9771432876587
16 303.0868911743164 180.59327602386475
20 262.4167060852051 212.1507167816162
24
0 231.59490585327148 498.78501892089844
8 353.277587890625 207.77732849121094
12 329.4906234741211 171.56282901763916
16 297.8179740905762 172.30605125427246
20 254.89517211914062 210.23278713226318
25
0 227.34445571899414 513.046932220459
8 363.3875274658203 211.3125514984131
12 343.06163787841797 171.95374488830566
16 307.4246025085449 172.78897762298584
20 255.55654525756836 212.93861389160156
26
0 216.6124153137207 532.8034973144531
8 368.97647857666016 208.99864196777344
12 345.52478790283203 169.65362548828125
16 304.0137481689453 173.33248615264893
20 245.5141258239746 221.34541511535645
27
0 230.09687423706055 564.4340515136719
8 382.7256774902344 207.21157550811768
12 353.40545654296875 169.10476684570312
16 309.20169830322266 173.42416763305664
20 240.4843521118164 223.2275104522705
28
0 256.32070541381836 601.863842010498
8 421.3580322265625 220.35984992980957
12 383.8840103149414 175.9960699081421
16 328.125 176.50219917297363
20 243.27787399291992 232.34238624572754
29
0 274.3876075744629 619.7815132141113
8 482.3686981201172 247.02558517456055
12 413.0720520019531 181.71192169189453
16 340.72731018066406 181.46766185760498
20 224.50616836547852 229.80196952819824
30
0 282.45296478271484 633.0456161499023
8 526.5488052368164 269.1749954223633
12 444.9198913574219 190.0068998336792
16 344.2988586425781 183.12623977661133
20 181.15999221801758 240.94659805297852
31
0 281.0472106933594 649.2943382263184
8 510.18821716308594 270.7649803161621
12 432.70435333251953 194.10308361053467
16 332.51121520996094 189.7481918334961
20 137.9611110687256 254.01183128356934
32
0 270.64464569091797 650.5381393432617
8 507.09827423095703 272.77822494506836
12 410.8443069458008 187.83152103424072
16 319.36716079711914 187.08768367767334
20 138.90607833862305 258.89442443847656
33
0 260.4757881164551 643.1188201904297
8 483.870849609375 269.4255065917969
12 386.15169525146484 193.6823272705078
16 321.9606018066406 192.8896951675415
20 187.68308639526367 247.0646095275879
34
0 258.80443572998047 627.2654914855957
8 426.92054748535156 247.73649215698242
12 400.0365447998047 202.27088928222656
16 358.56689453125 209.26654815673828
20 276.65674209594727 264.41800117492676
35
0 252.1124267578125 630.0625419616699
8 402.29087829589844 247.23627090454102
12 374.35455322265625 201.33699417114258
16 335.72940826416016 205.12568950653076
20 269.83253479003906 262.0810317993164
36
0 256.6571235656738 636.4728355407715
8 382.8248977661133 242.53849983215332
12 351.7425537109375 191.79757118225098
16 316.27553939819336 199.00096893310547
20 251.5982437133789 250.3018569946289
37
0 247.36639022827148 513.3467674255371
8 377.8063201904297 233.3488655090332
12 350.18321990966797 190.70653438568115
16 310.5275344848633 194.50939178466797
20 261.28360748291016 240.9177017211914
0 238.27451705932617 619.698314666748
8 374.5341491699219 237.73584365844727
12 344.1619873046875 188.81385326385498
16 309.2690086364746 195.65653324127197
20 253.45645904541016 241.66969299316406
38
0 236.04598999023438 514.7024345397949
8 360.36865234375 221.78730010986328
12 332.8572463989258 179.86445903778076
16 298.9481735229492 185.13447761535645
20 255.38726806640625 228.1442928314209
0 223.1134033203125 583.5252571105957
8 357.1919250488281 228.1424617767334
12 332.04559326171875 182.0471477508545
16 299.7066116333008 187.60653018951416
20 245.7826805114746 230.5363941192627
39
0 215.15974044799805 548.1360626220703
8 340.12115478515625 220.24001598358154
12 311.46728515625 185.28965950012207
16 278.99450302124023 194.0989637374878
20 234.54872131347656 224.76216316223145
40
0 234.5187759399414 482.69811630249023
8 327.15850830078125 217.70524978637695
12 303.7607002258301 182.2507095336914
16 274.6807098388672 186.9969892501831
20 238.6976432800293 223.47360134124756
0 213.8918113708496 518.3746147155762
8 331.2404251098633 220.74458599090576
12 303.41930389404297 183.93752574920654
16 271.4811706542969 191.60638332366943
20 234.3986701965332 221.228928565979
41
0 227.83514022827148 496.18778228759766
8 334.07066345214844 223.28094005584717
12 312.2589111328125 190.02622604370117
16 286.1709213256836 195.198655128479
20 253.60261917114258 224.81786727905273
42
0 237.4832534790039 480.8888626098633
8 338.06140899658203 225.16098976135254
12 316.5226745605469 196.7781686782837
16 293.3967399597168 201.3389253616333
20 260.68193435668945 227.41928100585938
43
0 236.94402694702148 482.5996398925781
8 325.2840042114258 235.68009853363037
12 305.9076118469238 204.85477924346924
16 282.50070571899414 207.1567440032959
20 252.81156539916992 231.24032020568848
44
0 231.6704559326172 496.4509391784668
8 308.5019302368164 237.14362621307373
12 286.1056709289551 205.05297660827637
16 262.63275146484375 210.3614616394043
20 233.0219268798828 233.7282657623291
45
0 229.89990234375 503.7044334411621
8 307.3551559448242 235.4082441329956
12 283.8198471069336 205.71428775787354
16 260.1883125305176 204.21918869018555
20 226.32513046264648 232.85109043121338
46
0 233.07008743286133 518.2331657409668
8 307.95419692993164 235.98966121673584
12 282.7146339416504 204.47912693023682
16 257.46057510375977 200.42391300201416
20 221.58330917358398 228.60400199890137
47
0 222.80893325805664 522.0297431945801
8 310.6671714782715 230.71702480316162
12 284.7136688232422 198.51824283599854
16 255.65618515014648 193.75313758850098
20 217.63469696044922 225.48614501953125
48
0 229.25907135009766 532.0078468322754
8 321.30062103271484 230.55959701538086
12 289.09570693969727 201.433424949646
16 253.1557273864746 198.0941390991211
20 218.25990676879883 225.51090717315674
49
0 231.89237594604492 546.9221305847168
8 354.07012939453125 215.89229106903076
12 317.0736312866211 190.3182077407837
16 275.1765441894531 188.10636520385742
20 231.94477081298828 217.20896244049072
50
0 217.16249465942383 568.6264801025391
8 393.98372650146484 191.06553554534912
12 338.71097564697266 141.6380739212036
16 257.0425796508789 143.32767963409424
20 145.52618026733398 199.77577686309814
51
0 271.01511001586914 603.0236434936523
8 455.3281784057617 202.39399909973145
12 390.3068542480469 134.71787452697754
16 299.6718978881836 135.3127956390381
20 117.13004112243652 208.7492036819458
52
0 269.63565826416016 633.687686920166
8 471.40830993652344 216.66027545928955
12 397.22232818603516 144.47612285614014
16 305.8572196960449 147.75431156158447
20 103.90795707702637 236.11567497253418
53
0 275.59316635131836 629.8286819458008
8 495.70621490478516 227.57752418518066
12 401.19384765625 150.1321792602539
16 291.3684272766113 159.80725765228271
20 111.58512115478516 250.51228523254395
54
0 297.7766227722168 623.3791351318359
8 509.80892181396484 229.15843963623047
12 416.63143157958984 149.54217910766602
16 307.7887535095215 159.21014785766602
20 127.25462913513184 250.14647483825684
55
0 295.6968116760254 630.4550743103027
8 524.6889114379883 235.40791511535645
12 410.1331329345703 145.07060050964355
16 267.93514251708984 161.7046594619751
20 119.96221542358398 266.84483528137207
56
0 280.91482162475586 638.9567756652832
8 517.0050430297852 235.26469230651855
12 392.97420501708984 156.1499547958374
16 253.25311660766602 168.2270622253418
20 111.5054702758789 270.5009937286377
57
0 257.10716247558594 631.8715667724609
8 476.26708984375 230.6974983215332
12 377.4071502685547 159.50696468353271
16 241.26220703125 168.8774013519287
20 80.80281257629395 270.9928321838379
58
0 213.85820388793945 629.0612983703613
8 428.9639663696289 225.0877046585083
12 333.2135009765625 152.9322910308838
16 220.7238006591797 154.82511520385742
20 53.83756637573242 244.66240882873535
59
0 188.2277488708496 623.0972671508789
8 396.67152404785156 214.88699913024902
12 303.0970001220703 145.72810649871826
16 209.79389190673828 147.18100547790527
20 63.38601589202881 228.3971929550171
60
0 239.94024276733398 629.7873115539551
8 444.9971389770508 235.72989463806152
12 357.41397857666016 166.25238418579102
16 268.2904624938965 162.6481819152832
20 113.43731880187988 232.711443901062
61
0 274.12139892578125 644.7308921813965
8 500.4920196533203 276.96948051452637
12 434.44862365722656 203.86071681976318
16 377.45357513427734 198.24620246887207
20 257.5282859802246 250.73942184448242
62
0 295.9313201904297 643.5147857666016
8 493.2725143432617 270.26867866516113
12 468.8200378417969 217.83335208892822
16 427.2419738769531 221.60624027252197
20 351.2031936645508 274.541015625
63
0 258.59785079956055 642.1706771850586
8 431.02527618408203 249.45313453674316
12 405.0289535522461 198.2323694229126
16 363.13892364501953 206.06004238128662
20 294.3223190307617 264.68092918395996
64
0 201.11120223999023 527.5513458251953
8 369.8756408691406 217.23694324493408
12 335.9928894042969 173.05569648742676
16 290.05407333374023 177.91226863861084
20 232.83395767211914 230.38995265960693
0 214.83043670654297 631.5387725830078
8 371.16268157958984 225.73123455047607
12 340.1027297973633 175.7018280029297
16 295.8079528808594 179.35144901275635
20 232.22148895263672 234.91744995117188
65
0 210.3687286376953 603.1227493286133
8 351.81060791015625 218.83672714233398
12 322.84751892089844 169.25901889801025
16 286.3057518005371 172.7118730545044
20 226.64915084838867 226.74054622650146
66
0 237.1933937072754 495.8647155761719
8 346.8025588989258 213.62793445587158
12 316.6409683227539 171.67064666748047
16 283.73958587646484 176.3596487045288
20 238.4744644165039 220.8317756652832
0 211.07276916503906 578.1418991088867
8 342.2290802001953 219.0428066253662
12 316.5896224975586 176.1633825302124
16 286.1538887023926 180.95008850097656
20 234.6575927734375 221.58997535705566
67
0 212.50896453857422 554.9079895019531
8 337.8992462158203 218.67505073547363
12 308.58394622802734 181.87495708465576
16 275.2880859375 190.7296657562256
20 232.35118865966797 226.72226428985596
68
0 230.84020614624023 483.9997673034668
8 335.0690460205078 223.21354866027832
12 311.9749069213867 186.30094528198242
16 283.3012390136719 190.9211540222168
20 246.3629150390625 226.0804796218872
0 212.44319915771484 520.7577896118164
8 334.66732025146484 224.08337116241455
12 308.9689254760742 188.25984477996826
16 279.23187255859375 195.9892702102661
20 240.9444236755371 227.69282341003418
69
0 227.0982551574707 498.4837532043457
8 338.96636962890625 223.7845516204834
12 317.2299575805664 190.565185546875
16 288.9401054382324 197.00562000274658
20 255.4061508178711 226.63517475128174
70
0 220.82365036010742 472.4078178405762
8 333.12744140625 218.2624053955078
12 312.78324127197266 190.32601833343506
16 287.69248962402344 197.0010280609131
20 252.98616409301758 221.10005378723145
71
0 210.84138870239258 461.0371685028076
8 328.5219192504883 219.46138858795166
12 312.7567672729492 192.2806692123413
16 287.3545837402344 200.1878786087036
20 252.26877212524414 224.64031219482422
72
0 210.92592239379883 456.76448822021484
8 331.4215087890625 212.74394989013672
12 316.6938018798828 190.12676239013672
16 291.3424873352051 198.32189083099365
20 252.92888641357422 222.03001499176025
73
0 222.19655990600586 457.6491165161133
8 342.4891662597656 216.79831981658936
12 328.6275863647461 190.28390407562256
16 299.6257019042969 196.8799066543579
20 256.5353202819824 220.87514877319336
74
0 214.0454864501953 459.3007564544678
8 421.62723541259766 259.376220703125
12 418.96862030029297 232.92926788330078
16 388.23516845703125 229.53683853149414
20 337.0802307128906 240.00048637390137
75
0 216.7746353149414 466.0184383392334
8 438.4663772583008 283.69065284729004
12 434.20528411865234 255.78457832336426
16 408.1584167480469 250.76431274414062
20 360.30261993408203 253.66816520690918
76
0 207.78564453125 456.8711757659912
8 453.34922790527344 307.9554748535156
12 447.66239166259766 277.5099563598633
16 420.7030487060547 266.6887664794922
20 374.2844009399414 265.40493965148926
77
0 218.90850067138672 462.2676944732666
8 445.982666015625 295.40682792663574
12 445.0710678100586 259.1004753112793
16 419.36283111572266 251.41161918640137
20 369.3272018432617 258.0110836029053
78
0 232.13958740234375 476.12268447875977
8 421.7543411254883 253.1052303314209
12 415.8211898803711 222.02244758605957
16 386.2638473510742 222.6659059524536
20 335.60115814208984 239.42389011383057
79
0 254.56314086914062 488.5784912109375
8 396.6392517089844 230.5451488494873
12 380.6348419189453 201.39440059661865
16 353.42967987060547 208.89415740966797
20 309.58696365356445 236.84523582458496
80
0 291.91667556762695 500.40653228759766
8 377.7712631225586 221.4331340789795
12 355.7657241821289 194.30029392242432
16 329.5766830444336 205.47369003295898
20 293.4100151062012 239.79610919952393
81
0 320.34786224365234 501.3918113708496
8 360.0331497192383 213.04465770721436
12 330.3826141357422 192.30677604675293
16 305.04608154296875 207.0796251296997
20 274.92584228515625 247.71655082702637
82
0 341.947021484375 493.9999008178711
8 337.00687408447266 201.76039695739746
12 300.5062484741211 182.28379726409912
16 276.5998077392578 198.71320724487305
20 253.5179901123047 240.96980094909668
83
0 341.36390686035156 489.5478630065918
8 281.9166374206543 202.8197479248047
12 243.7604522705078 189.42840099334717
16 222.9203987121582 209.833345413208
20 213.26759338378906 256.02819442749023
84
0 327.81749725341797 489.7610092163086
8 290.0411033630371 198.13744068145752
12 252.44192123413086 180.28972148895264
16 223.95816802978516 195.6598949432373
20 205.48683166503906 249.02575492858887
85
0 325.77415466308594 501.2372589111328
8 308.49788665771484 194.29531574249268
12 267.1352195739746 182.92777061462402
16 209.03257369995117 216.3590383529663
20 188.18527221679688 267.00270652770996
86
0 330.2169418334961 508.6479949951172
8 307.88280487060547 193.09982299804688
12 267.24958419799805 182.65122413635254
16 200.15375137329102 217.06642627716064
20 161.21702194213867 280.92198371887207
87
0 332.43064880371094 515.2894592285156
8 312.491512298584 185.37786483764648
12 282.8180694580078 169.82419967651367
16 198.8449478149414 197.22248554229736
20 121.4398193359375 298.4590530395508
88
0 336.2177276611328 531.844654083252
8 322.08988189697266 181.41290187835693
12 289.9810600280762 164.52897548675537
16 253.2506561279297 184.92905616760254
20 189.9440574645996 252.60294914245605
89
0 309.6366882324219 545.9322166442871
8 324.33448791503906 175.23892879486084
12 296.4654731750488 162.40056037902832
16 179.90707397460938 186.73404693603516
20 84.00246620178223 302.8403091430664
90
0 263.37060928344727 486.9624710083008
8 307.6644515991211 169.4448709487915
12 257.9573059082031 156.18096828460693
16 188.46778869628906 187.4007225036621
20 137.8623104095459 252.5632667541504
0 290.83141326904297 552.3407363891602
8 309.2986297607422 170.87907314300537
12 276.5551948547363 153.77519130706787
16 197.70347595214844 177.68468856811523
20 135.64574241638184 252.4607276916504
91
0 274.18603897094727 566.5184783935547
8 343.39195251464844 183.80712032318115
12 303.45563888549805 159.9561309814453
16 269.2068862915039 175.98280906677246
20 235.79418182373047 230.54712295532227
92
0 284.5559883117676 493.1561851501465
8 394.7538757324219 204.89323139190674
12 367.6839828491211 180.2693223953247
16 325.9573745727539 191.0562229156494
20 273.15969467163086 242.68858909606934
0 272.5238227844238 566.5896034240723
8 397.73338317871094 210.97748279571533
12 369.5359420776367 178.03320407867432
16 330.66795349121094 190.7248878479004
20 275.75735092163086 242.91006088256836
93
0 285.9981918334961 570.0528717041016
8 417.14794158935547 222.5961399078369
12 390.42152404785156 195.326828956604
16 308.2910346984863 204.07427787780762
20 256.44365310668945 252.03269004821777
94
0 280.69957733154297 499.4106674194336
8 404.3549346923828 233.69985580444336
12 370.9552001953125 201.83562755584717
16 302.7081871032715 208.09560298919678
20 259.56342697143555 253.2949161529541
0 272.9705047607422 551.7265319824219
8 405.7959747314453 231.29854202270508
12 368.78082275390625 199.28697109222412
16 303.99417877197266 208.49683284759521
20 257.308349609375 255.7313632965088
95
0 269.24617767333984 525.3016090393066
8 366.2326431274414 232.33325958251953
12 332.4427032470703 202.9989767074585
16 291.4651870727539 212.49481201171875
20 251.86134338378906 251.78521156311035
96
0 265.12548446655273 483.8986587524414
8 327.32200622558594 237.62622356414795
12 308.6495590209961 213.70126247406006
16 283.0375099182129 227.3904275894165
20 245.69677352905273 259.6848392486572
0 258.37759017944336 510.89160919189453
8 326.59351348876953 238.65992546081543
12 308.70811462402344 214.24685955047607
16 282.7842330932617 227.36839771270752
20 246.3511848449707 262.7732563018799
97
0 252.28050231933594 505.14827728271484
8 322.4601745605469 235.12298583984375
12 300.4270553588867 213.67411136627197
16 267.8213119506836 224.02291774749756
20 230.39588928222656 262.0432949066162
98
0 252.7232551574707 528.5772514343262
8 325.18444061279297 226.03684902191162
12 296.8143653869629 202.26759910583496
16 264.0372657775879 215.62109470367432
20 223.02900314331055 256.61255836486816
99
0 244.1846466064453 536.0858917236328
8 331.8166732788086 223.697247505188
12 301.1064338684082 196.3296604156494
16 267.62874603271484 208.62035751342773
20 221.75933837890625 253.92308235168457
100
0 250.4540252685547 550.9835815429688
8 336.62445068359375 196.48488521575928
12 305.44857025146484 166.69818878173828
16 266.87488555908203 182.81882286071777
20 215.64876556396484 243.22749137878418
101
0 242.47556686401367 555.999927520752
8 341.93450927734375 185.46286582946777
12 305.03992080688477 156.5120029449463
16 264.7881507873535 174.11205768585205
20 208.96141052246094 232.9343318939209
102
0 197.90346145629883 527.5593566894531
8 309.4731903076172 150.57921409606934
12 241.54125213623047 109.30503845214844
16 144.2673683166504 128.00796031951904
20 93.77203941345215 209.55100536346436
103
0 180.8521270751953 536.9074630737305
8 309.9419403076172 136.97615146636963
12 226.40892028808594 91.51165723800659
16 132.79573440551758 109.33487892150879
20 52.58089065551758 204.37488555908203
104
0 123.61927032470703 522.1444702148438
8 295.48465728759766 106.40877485275269
12 186.03326797485352 44.5885705947876
16 87.17890739440918 74.21734571456909
20 -11.484206914901733 175.88700771331787
105
0 115.95778465270996 562.6877975463867
8 296.1768913269043 110.81048727035522
12 194.18691635131836 50.69472312927246
16 119.92240905761719 81.56340837478638
20 36.41727924346924 152.8401517868042
106
0 143.19616317749023 562.8753662109375
8 272.5865173339844 108.18639993667603
12 229.93236541748047 75.01449823379517
16 192.50654220581055 97.78375625610352
20 133.5692596435547 155.6730079650879
107
0 127.88336753845215 543.7298011779785
8 280.1175308227539 132.314715385437
12 244.91928100585938 101.5087366104126
16 205.18508911132812 119.11339044570923
20 151.13776206970215 170.73992729187012
108
0 176.86870574951172 528.0525398254395
8 303.64980697631836 154.27764415740967
12 258.3151054382324 117.97242164611816
16 196.15360260009766 133.11113834381104
20 113.58039855957031 177.35464096069336
109
0 196.1530876159668 496.0897636413574
8 328.4381103515625 169.4234848022461
12 269.12580490112305 130.78900337219238
16 207.93590545654297 139.88430976867676
20 108.92973899841309 193.17509651184082
110
0 206.12762451171875 472.26616859436035
8 321.3108825683594 176.5414810180664
12 265.6323432922363 142.28553771972656
16 215.6774139404297 151.14129066467285
20 115.38315773010254 198.4088373184204
111
0 207.13109970092773 461.9839096069336
8 317.0586395263672 190.68745136260986
12 269.1226577758789 156.5666627883911
16 215.85174560546875 162.82074451446533
20 120.93868255615234 209.44703578948975
112
0 209.7020721435547 456.9943428039551
8 311.77722930908203 195.62503337860107
12 267.09936141967773 161.69707775115967
16 219.34101104736328 168.5606861114502
20 130.69330215454102 209.63889598846436
113
0 213.82225036621094 456.2450695037842
8 318.0104637145996 200.67543983459473
12 274.16324615478516 168.25331211090088
16 232.27174758911133 175.0786542892456
20 168.54734420776367 206.43502235412598
114
0 215.7148551940918 460.01132011413574
8 313.00161361694336 189.53370094299316
12 284.6402359008789 165.54157733917236
16 253.62781524658203 172.72564888000488
20 201.11268997192383 202.80824661254883
115
0 203.90243530273438 465.97718238830566
8 305.61256408691406 182.8760576248169
12 281.1128044128418 161.08888149261475
16 244.7648048400879 168.07767391204834
20 189.74224090576172 204.7095537185669
116
0 187.54487991333008 471.3673782348633
8 293.39067459106445 164.83550548553467
12 264.88290786743164 144.65379238128662
16 228.25376510620117 151.83988094329834
20 181.04522705078125 192.48882293701172
117
0 187.18656539916992 480.2918243408203
8 291.94265365600586 153.6648988723755
12 263.86913299560547 131.9502067565918
16 229.96023178100586 142.97784805297852
20 180.75817108154297 184.9092721939087
118
0 175.77247619628906 496.04896545410156
8 291.8540954589844 138.0454158782959
12 257.20773696899414 112.35381603240967
16 223.07910919189453 125.4924201965332
20 167.15036392211914 173.84289264678955
119
0 172.6026725769043 512.6656150817871
8 300.6385803222656 127.92842388153076
12 262.3332977294922 98.09630870819092
16 220.9695816040039 111.85672760009766
20 161.14721298217773 168.71355056762695
120
0 170.1641845703125 527.3046684265137
8 313.89169692993164 120.51155090332031
12 272.1476936340332 87.99262046813965
16 227.94475555419922 101.7304015159607
20 163.9546012878418 163.60578060150146
121
0 180.69801330566406 524.0106010437012
8 419.43859100341797 158.06108951568604
12 383.66905212402344 112.89562225341797
16 334.07276153564453 119.47527408599854
20 258.3674430847168 163.88186931610107
122
0 251.59320831298828 538.1550407409668
8 499.0133285522461 183.32393646240234
12 469.86331939697266 137.6177215576172
16 427.01446533203125 139.52861309051514
20 347.4177932739258 188.3376932144165
123
0 329.5558547973633 502.75365829467773
8 569.3588256835938 212.84777641296387
12 538.3343124389648 175.06386280059814
16 486.53141021728516 174.74035263061523
20 423.6550521850586 223.78277778625488
0 306.41008377075195 574.9598693847656
8 561.0906219482422 220.1151466369629
12 543.583869934082 180.22803783416748
16 503.3375549316406 185.38235664367676
20 422.97420501708984 223.98993015289307
124
0 373.6513137817383 613.1496620178223
8 582.8510284423828 251.82695388793945
12 556.7849349975586 213.5172986984253
16 513.7910461425781 217.5666046142578
20 436.9834518432617 258.69592666625977
125
0 342.8502655029297 625.041446685791
8 515.6241989135742 245.41502952575684
12 490.87215423583984 207.77206420898438
16 446.2892532348633 209.53738689422607
20 382.20767974853516 256.94995880126953
126
0 262.4006652832031 591.3693237304688
8 438.34877014160156 209.98108863830566
12 406.6495895385742 177.75484085083008
16 365.99536895751953 181.5624761581421
20 300.88964462280273 229.50372219085693
127
0 178.1186294555664 559.0952110290527
8 352.63477325439453 172.6440668106079
12 311.5449905395508 140.74636459350586
16 269.96299743652344 158.25096130371094
20 206.72662734985352 203.9002275466919
128
0 119.21812057495117 533.6101341247559
8 291.07383728027344 143.24900150299072
12 255.25876998901367 108.09824466705322
16 213.46460342407227 121.11116409301758
20 150.83518981933594 173.00838947296143
129
0 116.27068519592285 530.0273323059082
8 309.73012924194336 100.16258955001831
12 264.63632583618164 57.323927879333496
16 213.56956481933594 71.24905586242676
20 133.2848834991455 140.34512042999268
130
0 124.95346069335938 540.7318496704102
8 320.55091857910156 95.2836012840271
12 271.49864196777344 48.39050889015198
16 223.3224105834961 62.49308109283447
20 142.04967498779297 134.03204441070557
131
0 196.5696144104004 572.9102897644043
8 423.79844665527344 153.01782131195068
12 392.01881408691406 112.0622205734253
16 354.2989730834961 117.56723642349243
20 274.34478759765625 174.59940433502197
132
133
134
0 199.86528396606445 504.9196243286133
8 375.1968765258789 167.6153039932251
12 338.4689712524414 125.79206943511963
16 289.3937301635742 132.46624946594238
20 227.09489822387695 188.50463390350342
135
0 128.00536155700684 492.2998237609863
8 350.8980178833008 176.267409324646
12 321.3668441772461 133.78196239471436
16 278.8354301452637 138.14462184906006
20 205.44240951538086 179.652099609375
136
0 110.84638595581055 491.1627388000488
8 417.10994720458984 230.98395824432373
12 407.12135314941406 185.2348279953003
16 366.0627746582031 176.11754894256592
20 290.02798080444336 194.20515060424805
137
0 126.16236686706543 499.80852127075195
8 451.0598373413086 273.2007694244385
12 445.70068359375 223.19425106048584
16 406.84329986572266 208.04417610168457
20 329.63645935058594 225.08291244506836
138
0 210.85346221923828 451.07580184936523
8 494.75948333740234 290.311975479126
12 490.4384231567383 252.34654426574707
16 455.50662994384766 233.19973468780518
20 380.7206726074219 246.13380432128906
0 166.402587890625 526.032772064209
8 492.0326232910156 299.7338676452637
12 488.50841522216797 250.0553798675537
16 449.9654769897461 239.35319423675537
20 376.49288177490234 253.88033866882324
139
0 185.5763053894043 528.233470916748
8 499.6367645263672 284.7759246826172
12 495.4862594604492 240.39690971374512
16 456.60999298095703 232.226243019104
20 384.0828323364258 250.38743019104004
140
0 199.3341827392578 555.857105255127
8 447.9130172729492 243.51284980773926
12 432.7521514892578 200.43877601623535
16 393.6907196044922 198.82807731628418
20 330.66944122314453 233.66809844970703
141
0 264.87104415893555 598.2344055175781
8 366.73370361328125 203.4590721130371
12 327.5740432739258 174.14550304412842
16 295.93048095703125 187.25958824157715
20 255.18037796020508 236.70058250427246
142
0 389.1066360473633 521.4914131164551
8 344.50923919677734 193.71288299560547
12 307.1196937561035 167.4621820449829
16 275.9379005432129 184.5686960220337
20 245.6071662902832 241.69509887695312
0 367.83191680908203 612.4154090881348
8 345.0740051269531 193.39176177978516
12 307.6797103881836 168.80202770233154
16 277.10777282714844 187.9591941833496
20 247.21254348754883 246.46642684936523
143
0 433.4428405761719 581.8235778808594
8 316.3453674316406 193.98970127105713
12 269.3052291870117 171.30057334899902
16 244.0129852294922 196.19197368621826
20 222.1634292602539 249.76853370666504
144
0 419.7563934326172 462.83658027648926
8 228.65854263305664 197.6207685470581
12 177.58193969726562 194.15677070617676
16 158.63567352294922 224.84636306762695
20 163.06507110595703 289.213342666626
0 442.5315856933594 532.6616477966309
8 233.1987190246582 199.50573921203613
12 178.73647689819336 196.3762378692627
16 165.28568267822266 228.5180139541626
20 163.78789901733398 290.78378677368164
145
0 447.86800384521484 514.4440269470215
8 209.18100357055664 204.57047939300537
12 153.7051296234131 206.44864082336426
16 138.4571933746338 237.03742504119873
20 143.32578659057617 300.13278007507324
146
0 429.96753692626953 509.399356842041
8 173.83874893188477 220.61644077301025
12 115.10144233703613 222.01636791229248
16 103.5457992553711 252.35795974731445
20 114.74502563476562 321.282320022583
147
0 365.81790924072266 473.79947662353516
8 211.38704299926758 182.21900939941406
12 164.33897018432617 175.44078826904297
16 139.74735260009766 204.49992656707764
20 134.2358112335205 272.0918655395508
0 389.01302337646484 529.6687889099121
8 216.6315460205078 183.85605812072754
12 163.96255493164062 170.88455200195312
16 141.03055000305176 203.74252796173096
20 133.55849266052246 271.4164066314697
148
0 289.80939865112305 568.2968902587891
8 253.13840866088867 161.20927333831787
12 210.18218994140625 143.38761806488037
16 179.16427612304688 173.1201410293579
20 146.86132431030273 238.7718915939331
149
0 271.6410255432129 486.5342330932617
8 289.82255935668945 166.0859727859497
12 247.38237380981445 140.1517152786255
16 210.91964721679688 158.99810314178467
20 172.0572853088379 222.02131748199463
0 261.17321014404297 573.2875442504883
8 292.10405349731445 166.7367124557495
12 243.70113372802734 142.87914276123047
16 209.6653938293457 164.5577573776245
20 170.42951583862305 226.9703722000122
150
0 204.62265014648438 609.7573471069336
8 426.0582733154297 242.62201309204102
12 403.3840560913086 206.7356300354004
16 354.3896484375 218.77411365509033
20 304.23622131347656 244.41387176513672
151
0 223.19679260253906 481.9489288330078
8 455.8323287963867 268.55732917785645
12 438.16219329833984 234.63459491729736
16 397.4856185913086 228.77534866333008
20 330.2543640136719 256.536226272583
0 213.11017990112305 604.0491485595703
8 455.76236724853516 265.59322357177734
12 437.06050872802734 229.11020278930664
16 398.9199447631836 234.0089750289917
20 335.06786346435547 255.85332870483398
152
0 211.17475509643555 500.91527938842773
8 406.81941986083984 224.39319133758545
12 382.2657775878906 189.79740142822266
16 335.2082061767578 193.474760055542
20 280.90938568115234 239.6482515335083
0 219.9506950378418 609.7774314880371
8 405.3202819824219 225.3544807434082
12 383.92086029052734 193.3141851425171
16 343.11065673828125 200.72540760040283
20 279.34226989746094 247.82309532165527
153
0 288.5701370239258 612.216625213623
8 282.76376724243164 187.12042808532715
12 237.96037673950195 162.07157135009766
16 208.25374603271484 180.5536937713623
20 176.91444396972656 232.84164905548096
154
0 317.05509185791016 507.1183204650879
8 294.0650939941406 189.90344524383545
12 247.33623504638672 158.8952350616455
16 210.3668212890625 174.10556316375732
20 184.67044830322266 228.51091861724854
0 312.1014213562012 603.2930946350098
8 288.80218505859375 193.53631496429443
12 242.7052879333496 165.24324417114258
16 213.94351959228516 184.07202243804932
20 187.19879150390625 235.681414604187
155
0 282.8271484375 520.8181571960449
8 368.56456756591797 197.23797798156738
12 340.33206939697266 161.54574394226074
16 298.4663772583008 171.52878284454346
20 251.5243148803711 232.23127841949463
0 289.092960357666 601.3433074951172
8 371.0333251953125 198.3744764328003
12 334.73541259765625 163.85876655578613
16 299.2519187927246 176.3985013961792
20 251.00080490112305 235.93862056732178
156
0 270.20666122436523 596.2429618835449
8 366.27918243408203 207.11045265197754
12 331.0837173461914 169.68194961547852
16 296.8592834472656 174.03571128845215
20 252.91654586791992 231.5092420578003
157
0 300.0104522705078 493.55735778808594
8 374.7200393676758 208.36807250976562
12 339.6449661254883 175.61602592468262
16 303.33276748657227 184.79753494262695
20 262.07069396972656 233.1159496307373
0 275.8952522277832 589.9394989013672
8 372.4806213378906 211.42297267913818
12 340.37811279296875 176.80097579956055
16 311.27038955688477 181.5496015548706
20 271.9452476501465 235.82623958587646
158
0 282.0310401916504 502.66239166259766
8 388.4199523925781 202.1700096130371
12 362.04715728759766 168.8102674484253
16 322.4392318725586 178.49810600280762
20 271.2213325500488 232.52047061920166
0 269.4322395324707 574.4940948486328
8 391.60533905029297 200.84232330322266
12 364.3722152709961 163.36910247802734
16 330.8097457885742 177.27378845214844
20 271.33596420288086 232.22083568572998
159
0 258.86669158935547 566.5714645385742
8 392.3863983154297 196.28093719482422
12 370.8194351196289 156.0056447982788
16 326.92813873291016 176.08401775360107
20 256.7470932006836 230.2901029586792
160
0 249.79686737060547 487.9152488708496
8 355.6114959716797 179.4164514541626
12 312.8166389465332 145.97498416900635
16 274.11325454711914 161.13912105560303
20 215.76990127563477 214.4234275817871
0 224.8328399658203 550.9886741638184
8 358.37398529052734 178.95220756530762
12 322.94559478759766 140.93002796173096
16 280.9104347229004 156.51761054992676
20 219.41246032714844 215.08546829223633
161
0 214.0399932861328 552.8518295288086
8 352.25147247314453 191.51275634765625
12 316.86634063720703 153.4720516204834
16 270.3494644165039 166.84603214263916
20 212.22801208496094 220.62383651733398
162
0 229.73255157470703 563.8664245605469
8 358.25511932373047 190.6106472015381
12 324.84752655029297 155.3208875656128
16 280.6855583190918 168.12147617340088
20 218.42260360717773 221.8585968017578
163
0 266.8768310546875 506.69071197509766
8 345.2658462524414 195.8411407470703
12 306.3618850708008 170.2373456954956
16 259.64733123779297 180.77462196350098
20 198.94594192504883 235.13121128082275
0 256.65950775146484 573.0392074584961
8 346.8819046020508 194.18304920196533
12 306.02407455444336 170.56471824645996
16 259.91588592529297 181.75113201141357
20 200.6671905517578 235.82210540771484
164
0 242.86521911621094 563.7444877624512
8 313.2658004760742 201.65738582611084
12 274.1686820983887 182.48727321624756
16 230.75605392456055 196.60815238952637
20 177.1504783630371 245.65632820129395
165
0 246.42494201660156 497.9266548156738
8 305.5842399597168 200.46446800231934
12 272.677001953125 182.10886001586914
16 230.16319274902344 192.55046367645264
20 174.01092529296875 244.1312026977539
0 243.02034378051758 558.0630683898926
8 308.123779296875 202.1621561050415
12 267.4460220336914 179.09090995788574
16 228.83731842041016 193.66169929504395
20 176.5770149230957 242.1393585205078
166
0 239.01086807250977 558.603343963623
8 329.5927429199219 196.02235794067383
12 297.0763397216797 166.56293392181396
16 254.5151138305664 178.29242706298828
20 186.90250396728516 229.65006351470947
167
0 240.4924201965332 560.1410293579102
8 326.72340393066406 187.9094123840332
12 293.09228897094727 161.03829860687256
16 253.44533920288086 170.26270866394043
20 178.20846557617188 226.7931890487671
168
0 222.59943008422852 559.8946952819824
8 335.4792785644531 164.08126831054688
12 276.3611030578613 125.62389850616455
16 195.2676010131836 139.19616222381592
20 74.68014240264893 229.4178056716919
169
0 209.85126495361328 562.0329666137695
8 403.5007858276367 183.55786800384521
12 305.19004821777344 125.14678001403809
16 193.36233139038086 141.9519281387329
20 58.47731113433838 242.21014022827148
170
0 216.5995216369629 572.6980018615723
8 397.7069091796875 189.5778465270996
12 305.8646774291992 134.04886722564697
16 225.81480026245117 148.40307712554932
20 88.29623222351074 230.37242889404297
171
0 215.15024185180664 554.2188835144043
8 385.61912536621094 184.1187858581543
12 316.45137786865234 150.97586631774902
16 247.10678100585938 165.73767185211182
20 159.9135684967041 218.80620002746582
172
0 217.82793045043945 536.1753273010254
8 381.61033630371094 185.27596950531006
12 310.49325942993164 154.30872917175293
16 245.1100730895996 167.87281036376953
20 162.0908546447754 220.25835514068604
173
0 226.7092514038086 517.4676704406738
8 407.36656188964844 209.9229383468628
12 367.31292724609375 176.96511268615723
16 296.62858963012695 169.61634635925293
20 155.404052734375 224.30391311645508
174
0 247.16259002685547 472.49070167541504
8 439.70680236816406 240.2168369293213
12 384.37511444091797 182.7283000946045
16 316.0038375854492 172.0792007446289
20 182.6413345336914 208.06694984436035
0 224.69322204589844 508.6330032348633
8 434.4807434082031 242.84574508666992
12 390.73131561279297 187.72327423095703
16 319.40046310424805 175.96291065216064
20 183.89080047607422 216.61118030548096
175
0 209.24610137939453 509.4206428527832
8 379.88636016845703 219.89142894744873
12 366.30882263183594 183.7881374359131
16 329.78759765625 187.56232738494873
20 269.6444892883301 228.7960910797119
176
0 193.38079452514648 519.3404960632324
8 333.9906692504883 199.80956554412842
12 312.6779556274414 164.6863603591919
16 280.7612991333008 174.3928098678589
20 227.5986099243164 217.95031070709229
177
0 168.38342666625977 507.191219329834
8 348.11309814453125 212.17540740966797
12 279.4293975830078 158.6634635925293
16 205.51374435424805 159.2618751525879
20 98.22463989257812 216.47432327270508
178
0 154.09242630004883 497.71780014038086
8 318.7954902648926 206.45061492919922
12 247.9083251953125 150.87095260620117
16 177.74333953857422 154.5701265335083
20 75.40945053100586 209.65789318084717
179
0 156.11380577087402 484.42508697509766
8 287.4336814880371 188.49307537078857
12 243.75494003295898 154.3947458267212
16 208.21819305419922 161.84101581573486
20 153.5168743133545 193.31960678100586
180
0 166.65203094482422 504.0966796875
8 282.94376373291016 191.66500568389893
12 255.64546585083008 160.74361324310303
16 225.40260314941406 170.24971961975098
20 184.27282333374023 205.49931049346924
181
0 179.41015243530273 515.9658050537109
8 290.81125259399414 195.34432411193848
12 266.31303787231445 161.58615589141846
16 234.01418685913086 166.06892108917236
20 190.10196685791016 206.38421058654785
182
0 194.90140914916992 530.229606628418
8 311.0098075866699 190.55005073547363
12 278.5053825378418 152.15259075164795
16 243.39534759521484 155.4937219619751
20 200.99639892578125 197.4542999267578
183
0 186.89016342163086 545.7772636413574
8 332.4338150024414 174.46881294250488
12 293.75776290893555 130.9923219680786
16 254.56186294555664 139.17271614074707
20 205.53960800170898 188.74739170074463
184
0 184.3433952331543 578.5736846923828
8 351.84452056884766 164.66076850891113
12 310.5918884277344 114.14692640304565
16 264.43206787109375 122.3487138748169
20 206.05573654174805 180.7774257659912
185
0 188.70180130004883 593.9582633972168
8 359.2743682861328 184.72693920135498
12 322.89703369140625 138.3047103881836
16 277.63750076293945 141.60521507263184
20 221.4927101135254 194.21595096588135
186
0 219.56703186035156 499.6749687194824
8 349.6242904663086 193.33072185516357
12 317.0720100402832 151.1257553100586
16 280.0978660583496 157.0166301727295
20 232.49492645263672 199.64931964874268
0 194.81647491455078 573.2001686096191
8 344.9319076538086 194.9119234085083
12 316.0174751281738 151.9030523300171
16 279.5085144042969 159.87371921539307
20 228.01958084106445 203.23599815368652
187
0 209.53125 551.2622451782227
8 337.5830841064453 199.94659423828125
12 308.08385848999023 160.24293422698975
16 274.4732475280762 171.03671550750732
20 234.2906951904297 202.8372287750244
188
0 232.07929611206055 466.20726585388184
8 333.2162094116211 199.9648904800415
12 308.1849479675293 169.45856094360352
16 281.7723274230957 172.1755599975586
20 245.9253692626953 204.46266174316406
0 212.34882354736328 508.71374130249023
8 335.18402099609375 201.4178466796875
12 306.5031433105469 166.3868522644043
16 276.8655204772949 174.87755298614502
20 241.3037872314453 205.7139015197754
189
0 218.20886611938477 490.23193359375
8 333.7005615234375 211.4619541168213
12 308.83554458618164 178.52338314056396
16 280.19845962524414 183.91621112823486
20 243.57791900634766 209.93672847747803
190
0 223.75364303588867 492.81200408935547
8 330.83072662353516 209.42474842071533
12 306.44378662109375 173.77069473266602
16 274.79469299316406 177.108736038208
20 237.31304168701172 210.20816802978516
191
0 237.61295318603516 500.6711196899414
8 349.0037155151367 211.6757297515869
12 322.9499053955078 176.7361879348755
16 292.4851417541504 180.5847930908203
20 253.56075286865234 212.67980575561523
192
0 247.6366424560547 517.6875686645508
8 383.204345703125 216.12899780273438
12 355.2073287963867 177.19440937042236
16 322.58365631103516 175.28307437896729
20 278.38613510131836 215.7596254348755
193
0 257.75196075439453 543.5326194763184
8 400.2229309082031 217.8781270980835
12 372.1691131591797 177.37393856048584
16 332.3777770996094 178.17744255065918
20 284.6498489379883 218.39797496795654
194
0 258.40614318847656 586.3352394104004
8 397.60894775390625 206.96308135986328
12 362.3208236694336 160.6345510482788
16 317.57638931274414 165.02626419067383
20 263.8652992248535 215.65382480621338
195
0 245.54231643676758 606.683177947998
8 377.08805084228516 191.76953315734863
12 338.17676544189453 142.07884311676025
16 287.9773712158203 145.11345863342285
20 230.99584579467773 207.10352897644043
196
0 291.40302658081055 631.3605880737305
8 415.53428649902344 203.3247184753418
12 373.6532211303711 157.33869552612305
16 325.6369400024414 153.49207878112793
20 269.21775817871094 215.20321369171143
197
0 325.55423736572266 621.6182327270508
8 434.0184020996094 245.99650382995605
12 491.6317367553711 189.2970085144043
16 507.2749710083008 204.34234142303467
20 502.5689697265625 258.2985019683838
198
0 352.1173858642578 625.1089668273926
8 507.13382720947266 281.4194869995117
12 552.5193786621094 237.726731300354
16 549.1289520263672 247.9533863067627
20 511.99596405029297 301.4468479156494
199
0 436.01375579833984 361.80152893066406
8 566.8613815307617 274.26100730895996
12 539.6767425537109 234.7020435333252
16 500.64830780029297 249.1542148590088
20 450.11905670166016 293.5990619659424
0 437.37682342529297 666.7532157897949
8 461.40026092529297 287.85999298095703
12 519.2593383789062 234.3673324584961
16 556.9807815551758 252.9441261291504
20 582.7352905273438 299.0211296081543
200
0 323.88671875 640.4756927490234
8 476.78653717041016 259.70455169677734
12 446.1393737792969 205.81774234771729
16 406.8951416015625 208.0377960205078
20 351.83448791503906 257.9653072357178
201
0 253.18225860595703 630.0249481201172
8 385.7878875732422 230.35739421844482
12 351.54979705810547 177.83798217773438
16 304.8234176635742 182.29272365570068
20 239.80541229248047 237.33238220214844
202
0 159.147367477417 595.411491394043
8 320.1832962036133 198.20787906646729
12 281.52984619140625 156.36478900909424
16 241.85596466064453 161.01881504058838
20 179.98620986938477 210.24813652038574
203
0 156.72882080078125 487.7116584777832
8 289.6632385253906 179.4681215286255
12 257.20237731933594 145.24839878082275
16 216.99125289916992 145.63270568847656
20 173.81120681762695 180.47724723815918
0 148.4134006500244 540.9433937072754
8 290.6107521057129 186.33373260498047
12 256.94475173950195 148.36622714996338
16 225.58164596557617 153.58283042907715
20 176.56766891479492 190.50630569458008
204
0 165.12109756469727 511.87774658203125
8 285.5796432495117 186.79608821868896
12 257.4009132385254 153.07894706726074
16 226.74707412719727 160.2207612991333
20 187.07700729370117 187.5023317337036
205
0 196.9251251220703 446.2240219116211
8 289.68265533447266 196.3985824584961
12 269.1999053955078 166.80202960968018
16 242.57747650146484 167.6243019104004
20 208.58835220336914 195.32951831817627
0 183.4320068359375 483.5394859313965
8 295.27355194091797 194.86952304840088
12 271.97330474853516 163.94997596740723
16 242.33020782470703 169.79527473449707
20 206.1899757385254 191.42586708068848
206
0 232.44976043701172 482.4429130554199
8 338.17535400390625 217.02953338623047
12 315.2360725402832 184.39743518829346
16 288.36299896240234 185.67140579223633
20 254.44185256958008 210.21862506866455
207
0 285.3068161010742 497.58018493652344
8 392.2471237182617 233.02552700042725
12 368.7276077270508 200.37540435791016
16 344.3419647216797 202.16195583343506
20 314.18359756469727 227.6271915435791
208
0 285.00572204589844 519.554386138916
8 409.67350006103516 229.81996536254883
12 388.5369110107422 194.8143482208252
16 360.1483154296875 194.52086448669434
20 319.38127517700195 228.22980880737305
209
0 270.8139991760254 548.3611106872559
8 409.0396499633789 223.00533771514893
12 383.4632110595703 182.1234369277954
16 346.09901428222656 187.28383541107178
20 297.58472442626953 231.27968788146973
210
0 282.60833740234375 592.2858238220215
8 428.0999755859375 226.50768756866455
12 398.04447174072266 182.00091361999512
16 358.2065200805664 188.37058067321777
20 307.44043350219727 233.77424240112305
211
0 283.7754249572754 616.6659736633301
8 426.9422912597656 215.3738307952881
12 390.2443313598633 164.97941493988037
16 344.1932678222656 168.97669315338135
20 284.8821830749512 225.60171604156494
212
0 287.09415435791016 630.7717323303223
8 427.3945999145508 216.3114881515503
12 393.34049224853516 167.49436855316162
16 348.4819030761719 171.2470579147339
20 279.7684860229492 227.53689765930176
213
0 269.58133697509766 626.6744041442871
8 429.185791015625 212.65786170959473
12 392.71881103515625 161.04974269866943
16 348.0771255493164 163.8757610321045
20 280.5239677429199 218.69573593139648
214
0 227.4408721923828 612.568244934082
8 406.3892364501953 210.20599365234375
12 374.46842193603516 154.09558296203613
16 330.0050354003906 159.20531272888184
20 266.08449935913086 211.78353309631348
215
0 225.93425750732422 510.069580078125
8 377.0796203613281 198.8545560836792
12 345.45421600341797 156.01354122161865
16 304.4388008117676 155.93105792999268
20 251.48162841796875 198.36695194244385
0 197.88898468017578 572.8385925292969
8 375.2815628051758 206.2917137145996
12 346.2179183959961 156.84093475341797
16 307.0488929748535 163.06034088134766
20 250.35512924194336 204.8898983001709
216
0 196.66362762451172 537.8569221496582
8 354.46475982666016 202.14633464813232
12 326.1272430419922 156.9792366027832
16 290.992431640625 166.07691764831543
20 245.12977600097656 197.57577896118164
217
0 229.38032150268555 466.1878967285156
8 351.82159423828125 201.10261917114258
12 329.31385040283203 166.18459224700928
16 301.1686706542969 167.68564224243164
20 258.41793060302734 199.45983409881592
0 208.72894287109375 514.2002105712891
8 348.7487030029297 204.8906135559082
12 325.46180725097656 166.4417552947998
16 296.2343978881836 171.81086540222168
20 253.4177589416504 200.07981777191162
218
0 210.80511093139648 497.0024299621582
8 354.62989807128906 215.88134765625
12 331.66698455810547 182.23700523376465
16 301.60783767700195 189.0992832183838
20 264.30065155029297 211.8976593017578
219
0 241.29390716552734 448.6421871185303
8 426.23451232910156 279.8121929168701
12 419.12792205810547 248.0607032775879
16 404.0818786621094 240.72283744812012
20 354.3989944458008 252.99196243286133
0 204.74798202514648 486.6993713378906
8 430.4229736328125 288.82604598999023
12 423.2532501220703 246.97860717773438
16 391.9928741455078 244.39504623413086
20 352.2227478027344 253.4293270111084
220
0 207.46986389160156 470.6516361236572
8 462.62454986572266 352.3182964324951
12 467.3443603515625 311.3471031188965
16 452.08892822265625 299.43769454956055
20 409.12303924560547 297.67029762268066
221
0 249.7420883178711 489.3577766418457
8 521.4781951904297 365.771541595459
12 520.0129699707031 326.55673027038574
16 491.3804626464844 314.5491027832031
20 446.0409164428711 314.9296188354492
222
0 266.35705947875977 496.17279052734375
8 542.0420837402344 351.01369857788086
12 539.8807144165039 315.1926898956299
16 512.4939727783203 305.5879497528076
20 452.83382415771484 309.5475769042969
223
0 270.99531173706055 502.85207748413086
8 511.81419372558594 286.8023872375488
12 504.05811309814453 250.9694766998291
16 467.7872848510742 250.80934524536133
20 406.71504974365234 269.87059593200684
224
0 288.69001388549805 526.739501953125
8 495.6248092651367 270.234432220459
12 483.48934173583984 235.0923728942871
16 450.6252670288086 238.23529243469238
20 394.9006652832031 266.3535976409912
225
0 322.6177215576172 583.6869621276855
8 403.73497009277344 232.45545387268066
12 368.8431930541992 203.25183391571045
16 334.6824264526367 214.92263317108154
20 299.74767684936523 267.91279792785645
226
0 379.62963104248047 494.0345764160156
8 355.9146499633789 216.05263710021973
12 316.1387634277344 201.56729221343994
16 286.4125442504883 217.68536567687988
20 261.95470809936523 274.23394203186035
0 374.2333984375 609.9771308898926
8 358.52684020996094 230.33761024475098
12 319.74897384643555 203.59243869781494
16 289.7490882873535 218.91057014465332
20 261.8745994567871 278.298282623291
227
0 364.3381118774414 529.1571807861328
8 238.91847610473633 258.695068359375
12 179.42001342773438 257.40589141845703
16 162.62859344482422 299.8176956176758
20 165.03217697143555 355.7815647125244
0 403.65142822265625 608.5560035705566
8 243.6794090270996 261.69453620910645
12 186.32204055786133 257.5608730316162
16 162.76939392089844 286.78213119506836
20 154.4668483734131 347.25823402404785
228
0 417.2587203979492 592.6193618774414
8 200.22735595703125 273.74173164367676
12 141.2695598602295 274.0766429901123
16 120.0191593170166 305.2843379974365
20 120.3300666809082 374.3843364715576
229
0 385.90160369873047 590.0607490539551
8 215.12813568115234 245.70756912231445
12 150.87261199951172 243.577880859375
16 133.3168888092041 274.6959686279297
20 128.19642066955566 340.10762214660645
230
0 318.3814811706543 506.9643974304199
8 276.4808464050293 200.92071533203125
12 233.78093719482422 181.74591064453125
16 203.3214569091797 200.95863819122314
20 176.5397834777832 274.0872001647949
0 326.19884490966797 597.974681854248
8 286.65536880493164 201.70596599578857
12 238.13350677490234 182.1650791168213
16 208.78656387329102 207.57089138031006
20 181.62492752075195 272.44420051574707
231
0 305.1176452636719 528.7288284301758
8 356.6780471801758 210.1584005355835
12 326.50489807128906 178.39412212371826
16 292.6555061340332 194.74289417266846
20 254.3102264404297 250.59070587158203
0 300.75157165527344 593.364200592041
8 361.92211151123047 211.3313341140747
12 320.42613983154297 183.4374189376831
16 290.1162910461426 201.93556308746338
20 257.9892158508301 254.2653751373291
232
0 327.0946502685547 598.692512512207
8 388.3531188964844 228.93818378448486
12 354.72137451171875 198.47039222717285
16 322.11219787597656 215.30845642089844
20 281.3423538208008 262.2280025482178
233
0 312.3335266113281 504.0205764770508
8 375.4510498046875 225.4187250137329
12 348.5835647583008 200.14137268066406
16 315.3477096557617 211.27843379974365
20 278.8809394836426 260.0580883026123
0 313.97327423095703 590.8162307739258
8 378.775634765625 233.38680267333984
12 348.3592987060547 200.600323677063
16 317.16272354125977 213.9895248413086
20 274.9676322937012 268.27563285827637
234
0 316.08325958251953 594.5710945129395
8 381.01341247558594 239.77054595947266
12 348.4091567993164 207.78542518615723
16 317.8318214416504 219.43543910980225
20 277.02430725097656 270.7474708557129
235
0 312.7630615234375 518.6410331726074
8 366.5821075439453 242.69525527954102
12 341.92901611328125 212.8500509262085
16 309.1703796386719 225.26501655578613
20 271.10681533813477 269.6872043609619
0 315.66301345825195 594.6653366088867
8 369.25891876220703 244.4674301147461
12 338.21067810058594 213.13766956329346
16 307.7643394470215 224.7059726715088
20 269.96490478515625 276.2353706359863
236
0 336.9932174682617 596.2624740600586
8 375.0735855102539 254.69841957092285
12 342.52540588378906 226.25484466552734
16 314.63430404663086 240.08451461791992
20 280.3138542175293 284.9603462219238
237
0 336.92798614501953 527.8460311889648
8 383.32313537597656 256.3398742675781
12 359.04937744140625 225.62430381774902
16 329.50305938720703 239.10218238830566
20 298.22486877441406 280.89137077331543
0 347.26688385009766 591.7177391052246
8 384.13818359375 257.00812339782715
12 355.3841781616211 227.56522178649902
16 326.65504455566406 239.35390949249268
20 291.9806098937988 286.4783477783203
238
0 340.396728515625 587.0019721984863
8 382.2473907470703 258.3897113800049
12 352.607421875 227.649564743042
16 325.537109375 238.27473163604736
20 290.3195571899414 286.3988971710205
239
0 328.6629867553711 522.1039009094238
8 378.43868255615234 245.52838325500488
12 354.04930114746094 215.87767124176025
16 322.6898193359375 229.73297595977783
20 289.5738983154297 272.0138454437256
0 334.6673583984375 579.6104049682617
8 381.00467681884766 246.12210273742676
12 350.0982666015625 216.47047519683838
16 322.87899017333984 228.34379196166992
20 288.54928970336914 278.45166206359863
240
0 335.87535858154297 579.0590858459473
8 379.8448181152344 248.1837272644043
12 351.2404251098633 215.63115119934082
16 321.00059509277344 226.32775783538818
20 285.0230598449707 276.7672061920166
