0
8 303.6698314005948
12 326.9744408824706
16 310.4934761003836
20 265.6062882888921
1
8 332.2160890485158
12 355.28332785297073
16 338.6561264204742
20 292.18344665654945
2
8 342.4371070202908
12 365.3317624152725
16 348.48942685196937
20 300.2533141197411
3
8 345.0297267321447
12 368.09188844029194
16 352.117054086637
20 300.30854218551116
4
8 349.91521443517337
12 374.1815021583493
16 357.01674588118925
20 307.0646949535244
5
8 354.9791426970226
12 379.36351482804093
16 363.451185267973
20 311.2473237210232
6
8 364.62447792252294
12 389.7015417594639
16 374.72049226733276
20 319.33918576783844
7
8 376.0304282489994
12 402.33892717971446
16 386.7685640126072
20 330.48796803201486
8
8 382.07789020702
12 407.74202117893924
16 390.1770828173833
20 330.0423996340491
9
8 391.75691437749896
12 416.6896538127706
16 398.97979786960235
20 337.56969419129024
10
8 418.99918378681616
12 447.51330492488063
16 427.06726767990045
20 362.16594442909127
11
8 438.01176373796824
12 469.5015391836024
16 452.26732498014934
20 385.099138322076
12
8 444.31362974958245
12 477.6354259381768
16 461.13039710450545
20 394.17340448693676
13
8 434.1429498154969
12 468.880504873342
16 455.6754185606193
20 394.11061468763864
14
8 327.72097853524605
12 354.5517535369556
16 344.38723140868547
20 286.79945829572875
8 415.3626581685253
12 443.4977967928315
16 427.3470827748547
20 372.31424233102086
15
8 397.1221680170772
12 424.10781792867397
16 405.81749721745865
20 358.0679003114448
16
8 313.38243166703234
12 337.94020729250695
16 326.6099760604747
20 275.7079807466912
8 363.7023507428594
12 387.16003372954407
16 369.97022862987734
20 328.0383044025048
17
8 336.76170558852385
12 361.42799388092317
16 347.09575632111085
20 307.95561826342464
18
8 315.05724962055433
12 338.86284039953284
16 325.73728844823626
20 288.3442767351013
19
8 299.85491437560387
12 322.80410872183626
16 310.9765923695206
20 277.1434819766899
20
8 278.25651174661135
12 299.63834042084824
16 288.74502036128376
20 257.94380568764274
21
8 273.14349549657936
12 293.88038580653904
16 284.1863181009625
20 253.97078418064967
22
8 287.40680036684086
12 308.93233869545145
16 301.32606523642556
20 267.1970791527258
23
8 295.23530260082725
12 320.84184942287044
16 310.6047467085306
20 274.03893099851564
24
8 315.42376416025553
12 341.5522406508056
16 333.12761983274294
20 289.49143835053684
25
8 330.98542850105747
12 360.18749102561117
16 349.5544386453877
20 301.43145941707434
26
8 357.86085580861896
12 385.35208474059004
16 369.9437806620889
20 312.7961729905879
27
8 388.4629312380202
12 414.1138126003295
16 398.93145085699956
20 341.36461937301635
28
8 415.67128264410877
12 444.56243214279937
16 431.379628539013
20 369.75156757205133
29
8 426.85256929434826
12 459.49792398073305
16 443.30575050731386
20 393.1567149000925
30
8 438.1604819648148
12 471.8885529293523
16 454.15015118731003
20 404.9714882353625
31
8 442.48172351616336
12 479.7905451258557
16 462.4188625319884
20 420.3830303434417
32
8 445.6600401380868
12 483.4804645928871
16 466.0045153589346
20 413.20678788284175
33
8 435.3757528018201
12 466.6771847887644
16 454.4080185619443
20 402.688111579715
34
8 415.0967216964294
12 447.84698339311245
16 429.73906595760684
20 363.2863967551432
35
8 411.22928047244346
12 445.81244129222614
16 433.08558989039756
20 368.4079180067118
36
8 413.6454618352332
12 454.7277534506003
16 441.51555983858003
20 386.204113049881
37
8 308.8905961763434
12 338.62666823767125
16 325.03323253070397
20 272.7843191546309
8 405.539167777518
12 443.7043784248962
16 429.94377566001464
20 378.33335851719244
38
8 318.2065372564982
12 348.5525630456859
16 335.51709781251367
20 287.21012102113735
8 379.8341496077122
12 415.99386329668727
16 403.25941760421017
20 353.7160351528947
39
8 350.9005164919153
12 375.40998312014466
16 359.7459441041606
20 323.9546440952249
40
8 280.7193248002614
12 308.3230259207197
16 298.4160476155838
20 259.2581957993567
8 319.92863445636806
12 346.2128512834119
16 331.8041762089089
20 297.8524635725067
41
8 292.85513642679456
12 317.58821076265883
16 306.59014665225834
20 272.59052394171044
42
8 274.79576110075317
12 294.9001805546907
16 285.08680324756915
20 254.52899165512264
43
8 262.2464708780436
12 286.1785870033587
16 279.1848847566907
20 251.85965609836444
44
8 270.450287485684
12 296.43880518878706
16 287.7600613413868
20 262.72614944204514
45
8 279.2528630250552
12 302.82913890115054
16 301.0129558925898
20 270.8769322287649
46
8 292.00860552608515
12 317.65732774187404
16 318.74381094433147
20 289.8568587504977
47
8 304.2731830440499
12 329.3810667747253
16 329.91585555276305
20 296.58873602999205
48
8 315.18676080325224
12 335.9462328434674
16 334.767702118683
20 306.6942380317764
49
8 352.8571355201705
12 366.6363376004596
16 361.41703433343537
20 329.7131723072719
50
8 416.914877265197
12 443.9517228749739
16 427.16447752455224
20 375.7427348864013
51
8 440.99367245630265
12 483.2606061841001
16 468.5879305872495
20 423.24100500444365
52
8 463.275366140545
12 505.5752295709551
16 487.2814862068412
20 430.73097825076366
53
8 458.53652860296756
12 495.8671856787943
16 470.28608118056013
20 413.2548459543057
54
8 447.624454865871
12 488.5160452542868
16 464.2769556084271
20 410.34177099557905
55
8 456.61760778729285
12 498.6920482922619
16 469.57178545454525
20 403.85028692163223
56
8 467.6600162614028
12 495.6407284357604
16 471.5417617133204
20 405.5356847023355
57
8 457.13423297920775
12 487.442719065143
16 463.26521542901116
20 401.64248389792857
58
8 457.67363204503965
12 490.86099720103016
16 474.285877760828
20 416.37616491659116
59
8 458.3496812778591
12 490.9951735249181
16 476.4046459158671
20 413.9729542655824
60
8 444.2179403283808
12 478.1889872165695
16 467.9986126027729
20 416.7400082114835
61
8 431.8473270031672
12 469.1176084027167
16 458.28606436119446
20 394.34072842589745
62
8 422.20398313616806
12 459.45096764400614
16 441.8702394736626
20 373.0906365078688
63
8 428.90358511962353
12 467.46474621310796
16 448.4655189650912
20 379.1764068033968
64
8 353.23712176745624
12 379.2891178661682
16 360.7746091596328
20 298.84983988672315
8 434.87875173555096
12 472.737207611516
16 459.3808155804822
20 397.0024209805946
65
8 409.4893796667735
12 448.20666533055015
16 437.05829577057597
20 376.7341436070771
66
8 302.7734626930815
12 333.786925190091
16 322.87774119952
20 275.0359234321738
8 382.30110665133924
12 415.5966002363205
16 404.2258142733741
20 357.3311044896187
67
8 358.8527718307917
12 385.20649706498097
16 369.54982014590263
20 328.78501196231844
68
8 280.8435559092439
12 308.55700980994095
16 297.73685282876596
20 258.38597765657624
8 320.865152890479
12 346.2255033337226
16 331.5649530467966
20 294.4476086061272
69
8 296.6043263106687
12 320.83885065545576
16 307.7555511195034
20 273.3184709522424
70
8 277.8525366992527
12 296.6929523495032
16 283.4084358681706
20 253.3574935996787
71
8 268.71465295281575
12 287.4313836379846
16 271.83932948187817
20 239.99937868578183
72
8 272.1492411667532
12 286.84930044680027
16 270.66473738236107
20 238.4628312930269
73
8 269.2200167412817
12 287.7702559619562
16 272.02178744085137
20 239.25104443843924
74
8 288.2013228590038
12 305.34823009945717
16 288.328811076794
20 251.45607320801818
75
8 287.0377149579427
12 302.4472895173219
16 288.03140519975017
20 256.3063028257498
76
8 287.18871749730147
12 299.5184482484671
16 285.48760008545827
20 253.73441914232876
77
8 281.7893279588051
12 304.0171470768865
16 290.93336535926437
20 253.6662152248108
78
8 292.72946500796456
12 313.5376555978921
16 296.6388816147958
20 258.3226971710897
79
8 294.56209369434646
12 313.63796917395797
16 296.64443212032165
20 257.67664415158447
80
8 291.8855376895054
12 312.6943078712073
16 297.32752580874967
20 260.61470159053243
81
8 291.06529004321345
12 309.2478865034228
16 294.7097003199201
20 257.7097159772728
82
8 292.2812561095024
12 314.45868867378
16 302.43096690901825
20 268.03717098381065
83
8 292.8258694551943
12 315.5917074750081
16 303.75825252155795
20 266.34582996468936
84
8 294.0601327286006
12 318.51837527506524
16 311.90098698696846
20 270.03380232902117
85
8 307.42775722490336
12 323.66565317928047
16 307.87042286351493
20 271.65516027324276
86
8 316.33757684563784
12 332.0222624131379
16 319.2745601026051
20 283.5843950838511
87
8 330.5135841052459
12 349.0095322289432
16 344.98078099884117
20 302.54347649151276
88
8 350.7164224545649
12 370.21431249563346
16 356.6987062437544
20 315.233114331294
89
8 370.9845535492387
12 383.7577520567633
16 381.9071849772389
20 331.6692292690928
90
8 320.59221889284254
12 330.8257946375668
16 308.78418628399413
20 265.8859154622513
8 381.9084165234829
12 398.8211430438441
16 386.056947713397
20 337.6545750532769
91
8 388.9182974166784
12 407.6145873400541
16 390.56740900633656
20 338.1577832465422
92
8 308.6083357613664
12 323.7413355757293
16 304.92369859756053
20 250.72672809622946
8 377.0111594527776
12 400.483990643847
16 380.3354103298883
20 323.6956934592911
93
8 371.38448719832917
12 389.00364962805816
16 366.65692681589223
20 319.3905238102653
94
8 293.0748757794394
12 310.96138314643196
16 292.14524755346827
20 247.02165871337814
8 346.8669805884707
12 365.230421945416
16 344.62892321646297
20 296.409249163024
95
8 308.6046471858675
12 328.439930052102
16 313.5949244572524
20 274.0683348211386
96
8 254.00495989742817
12 273.68043046852546
16 257.13287092506226
20 225.05401943793058
8 280.6483597315369
12 300.88414577821527
16 284.5717759472897
20 248.4096444708274
97
8 278.9961369171467
12 295.4238987730619
16 281.55458536099707
20 244.08803482323185
98
8 311.0969599489142
12 329.2749841758557
16 313.16060236232215
20 273.58096220140203
99
8 324.447279438962
12 344.4914898480078
16 328.303673286614
20 283.05254890527044
100
8 364.82141920931656
12 388.20054490885315
16 368.53077780321297
20 309.7179638578454
101
8 383.6532227321812
12 404.3573917540935
16 382.5391437858008
20 324.7992884120979
102
8 393.14352634335046
12 420.5245908381317
16 403.13539763762896
20 334.6231680110314
103
8 420.2490141384814
12 447.7196056282279
16 430.26472269410016
20 356.41468151742646
104
8 449.85984443391425
12 481.61721767872217
16 449.40695245353777
20 371.68155711607363
105
8 486.4894962409214
12 517.9350396501543
16 481.1407238037719
20 417.4946523435117
106
8 472.7408590341007
12 495.51124637330605
16 467.69832064087643
20 407.3161399117803
107
8 438.67711735233667
12 457.4460350559634
16 431.595473124181
20 373.71407905856324
108
8 394.69117073976753
12 418.08996561532183
16 395.4119596709368
20 356.3627731611652
109
8 352.4346534760013
12 372.51800348601853
16 356.4002808148538
20 315.2224739866197
110
8 317.3645754942403
12 335.30289039847213
16 321.2668450112607
20 288.5002532842212
111
8 292.7214243405967
12 311.6450672267709
16 299.2902420947529
20 266.84078663267826
112
8 280.5944646992409
12 300.8237416892288
16 288.5946698333168
20 259.6672925196162
113
8 275.99097704449684
12 294.2452856019924
16 281.7710719580208
20 253.87965019782632
114
8 287.4419173275114
12 302.4287312996711
16 289.77655087392225
20 257.61724369272764
115
8 300.81754792506183
12 314.51282505039507
16 300.68895954890485
20 261.651074708415
116
8 324.2917224694021
12 335.74236811747755
16 322.1102836903184
20 278.9542867430979
117
8 343.0145572243881
12 356.68206951622733
16 340.0151542723637
20 295.45249426316553
118
8 376.3528714378644
12 392.2418506315369
16 373.56401159453947
20 322.3214143893937
119
8 405.4823053658955
12 424.1689461492424
16 403.7166359876012
20 344.14277594928444
120
8 431.43740945045903
12 450.9941369932992
16 429.47881326053624
20 363.7518933692205
121
8 436.93947913532617
12 458.4896600630585
16 432.6345387869365
20 368.40907119387407
122
8 432.5758066082224
12 456.1490824842239
16 435.51767614587345
20 362.7044633216514
123
8 376.2324882243379
12 388.5473541875658
16 363.6400056265243
20 294.4136734607501
8 436.7802122215944
12 460.50474881627315
16 436.5215542574683
20 369.8203518011891
124
8 417.51481413766334
12 439.59521042871484
16 419.67261036541277
20 360.0672301336507
125
8 417.0935730408107
12 442.7462220015362
16 428.18599683581374
20 370.189612913627
126
8 420.01752519386264
12 438.0464502728252
16 422.69790033372254
20 363.9067395751681
127
8 424.02873878330286
12 439.11086429974216
16 411.23168709097996
20 356.34518915589996
128
8 426.51635516829515
12 446.72970167973386
16 423.1285854284423
20 361.9851617311436
129
8 471.39182593165816
12 495.44007899953783
16 468.9824931832988
20 390.05346966333644
130
8 486.50026466782265
12 513.6881213304948
16 488.250724600675
20 407.05897870146885
131
8 477.43337468851445
12 500.5809949760809
16 481.8877948373984
20 405.8331418401486
132
133
134
8 380.15177477749455
12 403.66902904347126
16 383.06247418030085
20 317.5844738937211
135
8 386.72680695635023
12 407.33735389691736
16 384.9358604126349
20 322.09485530459744
136
8 401.8586403205099
12 425.8764407606143
16 405.4489816421151
20 346.82827612460665
137
8 396.11796161926577
12 422.63481912932957
16 404.8558005771084
20 341.87112550877237
138
8 326.26314026617814
12 343.0175916803094
16 327.605178712844
20 266.188075457676
8 396.54270147876207
12 424.16469089800984
16 403.22833781564447
20 343.80936372852307
139
8 397.37331164996965
12 422.9587043642526
16 401.34715493836904
20 341.4722003143453
140
8 399.18713767994996
12 425.2130488288678
16 406.5023864790983
20 347.9291684054274
141
8 407.70524310557806
12 428.6992690676643
16 412.14680521539566
20 361.66367552463913
142
8 330.79856803504055
12 363.39861744278585
16 355.4209897992743
20 314.4488436655051
8 419.64120334843636
12 447.6730057551477
16 434.04371746697564
20 385.3150539780021
143
8 405.12582497666267
12 442.1202242856628
16 429.6456729101276
20 393.5727912439159
144
8 326.89113688124394
12 361.7143985422136
16 353.3035152008323
20 309.89589154414483
8 393.46296965859835
12 427.40582161953705
16 411.5442148124306
20 369.05682829989655
145
8 391.14332357056253
12 425.90251753645725
16 415.55922853066016
20 372.39128967549806
146
8 386.0019801151354
12 426.2975954049847
16 415.4773527456072
20 367.08752521252427
147
8 329.95160450393774
12 360.0162076905762
16 351.6107851594039
20 307.1094731307149
8 386.3959349052412
12 423.52549155967137
16 409.5402723494448
20 363.2510292012854
148
8 408.7359653331869
12 432.3058893460254
16 410.37422710349847
20 359.194761519182
149
8 320.96363611130994
12 347.2309473988877
16 333.11709984546064
20 282.63758392018707
8 407.7257606572567
12 430.76288782441003
16 411.9624907909035
20 358.008382182924
150
8 428.7447826976392
12 449.36911434192956
16 418.686090785877
20 378.68023256497503
151
8 315.68222551100877
12 327.6804895877655
16 307.36534703911536
20 249.54400427989518
8 416.4522747972763
12 436.72985109446694
16 414.0712483916687
20 368.9363163805124
152
8 338.7348521052623
12 355.0584064117235
16 331.51767662459446
20 270.4133475753927
8 426.7820155808016
12 447.5799935761677
16 427.1907471055798
20 366.7946300505937
153
8 425.13584975038094
12 452.98114458975334
16 439.0713029146621
20 395.4647472612501
154
8 318.0468787198058
12 355.1338285815628
16 349.685406619159
20 308.4603349111602
8 410.4186556410014
12 443.5126771868631
16 430.55926543585576
20 388.251225676241
155
8 334.7462283869311
12 363.8454106619363
16 349.6393177446906
20 290.2796134603611
8 411.2153963526374
12 439.8590194680302
16 425.06622150783664
20 367.38480852659876
156
8 400.81671506119517
12 430.8831780763986
16 423.0476624760195
20 365.1433067536142
157
8 294.8125690023892
12 320.4022240802885
16 308.77769670420514
20 263.19033482045717
8 390.6449720007658
12 418.14050100105254
16 409.9191488522277
20 354.13528906224997
158
8 318.76993633201323
12 343.3071799969053
16 326.6730874318284
20 270.35810933706665
8 393.11819167371925
12 421.94473375664046
16 401.9342857830555
20 342.27855338249924
159
8 393.6274720147583
12 425.55576499793295
16 396.37457875590627
20 336.2880414813428
160
8 326.14144727943636
12 347.6990598690896
16 327.67960631574937
20 275.60045488648376
8 395.27758597438753
12 421.6327857079035
16 398.43709247811535
20 335.9469366287387
161
8 386.86992489269045
12 412.40449162402064
16 390.0913125855465
20 332.2329342739907
162
8 394.7631261309499
12 419.47147014199356
16 399.01162021955975
20 342.1947825015948
163
8 320.5811810389408
12 338.7623609132683
16 325.99626285595616
20 279.9270764239629
8 389.45098477518593
12 405.49053616839825
16 391.3016253299911
20 341.8340438003793
164
8 368.8676066618814
12 382.54015532778584
16 367.335977863181
20 324.80533309239405
165
8 303.2879409355164
12 316.9070055444063
16 305.8088661303654
20 263.92408251955703
8 361.8064630174837
12 379.7584898652585
16 364.67727651523
20 322.8351071480466
166
8 373.72456097538776
12 396.3171483844604
16 380.62681874813785
20 333.0548638405154
167
8 382.0892032375987
12 402.5540161121496
16 390.0934286269571
20 339.11660773533515
168
8 411.5946175107133
12 437.58592574856374
16 421.58544163391366
20 362.070559745912
169
8 425.1394326600754
12 447.16778018540856
16 420.40452401980394
20 353.83712944247156
170
8 423.76991309679016
12 447.63973388815515
16 424.3949864417495
20 365.5797204193079
171
8 407.4723579972184
12 415.7725953885916
16 389.7933711715829
20 339.9305198525832
172
8 387.2402816966892
12 392.94905771830116
16 369.3116018882985
20 320.79612671963946
173
8 356.68028550878887
12 368.390262490379
16 354.80876190309056
20 301.71082175775666
174
8 301.70253885279385
12 320.6080570197178
16 308.19829210576637
20 272.1817645302957
8 338.60547944957096
12 361.31939151488865
16 345.88849649542885
20 294.8585808026641
175
8 336.07330096905815
12 361.5317786741437
16 343.69030763240215
20 287.0506999117672
176
8 349.10049044462943
12 374.18093032521966
16 355.8430255001741
20 303.3263963450926
177
8 345.45199969402717
12 365.79065621763164
16 349.9049714297005
20 299.0628178404103
178
8 334.6097315683634
12 359.31067132764764
16 343.96175891925105
20 298.61265993491804
179
8 323.76019713754823
12 341.46887778135584
16 326.76497691753866
20 291.11706348482534
180
8 333.3726414023023
12 354.6986885979986
16 338.977023529389
20 299.1168353904701
181
8 339.4235394869692
12 364.87949687214257
16 354.1319386661593
20 309.76616750135656
182
8 358.97543213895455
12 387.21034890696967
16 377.8606162631273
20 332.8311188136725
183
8 398.8143930149194
12 428.33075030761484
16 412.1974247428441
20 357.51661673420966
184
8 446.5204689286139
12 481.2804752418742
16 463.20127318736496
20 398.3883650170191
185
8 443.3568284252772
12 475.0037060553594
16 461.0128403499168
20 401.08497858778645
186
8 332.80878609640627
12 361.9306217194077
16 347.9636746333253
20 300.30404685736073
8 406.98481495484623
12 438.3844689747701
16 421.9140852374692
20 371.4511188088059
187
8 373.9250711217146
12 403.24771317015336
16 385.73166379792144
20 349.30362463293574
188
8 284.80463071457905
12 306.352516082818
16 298.2013437422087
20 262.1105711770685
8 330.93693142998904
12 355.0390610743582
16 340.0132421132079
20 304.38017811660694
189
8 301.74663737127173
12 324.6157964048432
16 312.5252494320934
20 281.4409189431318
190
8 302.9419721746048
12 329.5830956256292
16 319.80266140061394
20 282.9289406323866
191
8 309.71961083838386
12 334.9869182872087
16 324.75562128156304
20 288.4325384146811
192
8 330.6299651028425
12 357.08128498400305
16 350.51090224520095
20 303.48972668089306
193
8 355.4557999846018
12 383.61890513169743
16 372.898669576025
20 326.2453577421691
194
8 404.1047575849645
12 438.2001105561745
16 425.4437337969647
20 370.7216118836218
195
8 435.26728900038904
12 473.74922594813853
16 463.51627766696276
20 399.844339312656
196
8 445.67171253259016
12 481.10482134131234
16 479.0931777866325
20 416.748301000267
197
8 390.9682317670609
12 463.1235004922985
16 455.1281077885191
20 404.14779750894354
198
8 377.031239596527
12 436.14900563829804
16 425.5113266641683
20 360.99629773894844
199
8 157.43075965519571
12 164.01309097542367
16 129.87317921746325
20 69.6457896333092
8 379.6540528425636
12 440.07078789589775
16 430.74710618425064
20 395.4187289010974
200
8 410.32306336742016
12 451.52325024164213
16 440.33275234904585
20 383.53001554877034
201
8 421.09192164604093
12 462.76260089738514
16 450.7005149017125
20 392.92033714804404
202
8 428.6062061925651
12 455.7844643812224
16 442.1964600915916
20 385.72667433011173
203
8 335.6868145857202
12 356.89777220060506
16 347.34647063680035
20 307.7089393595625
8 382.0577162001797
12 407.30318666992395
16 394.97233329473113
20 351.5662319909895
204
8 346.681908718585
12 370.4755631806721
16 357.0159608274371
20 325.11762752894964
205
8 266.48960506753684
12 288.6179025035689
16 282.3153222395594
20 251.1654490556992
8 309.57855010051884
12 331.62782801669425
16 319.22472983664363
20 292.9987908961876
206
8 285.69592794174275
12 309.3294042743173
16 301.9927445579762
20 273.11117715367
207
8 285.35135610146233
12 308.690314189296
16 301.25915564354517
20 271.4930701684831
208
8 315.41732586820336
12 340.8442449499731
16 333.6063541632364
20 293.34568006103564
209
8 353.5006499878955
12 383.1708217214938
16 368.8422863778151
20 318.20952282885213
210
8 393.65144702175945
12 426.21497938302576
16 410.9289584249413
20 359.3705427683603
211
8 426.0658816832206
12 464.06505509679937
16 451.74772563896124
20 391.0658237468385
212
8 437.56314861756715
12 475.3043236743008
16 463.6069262742404
20 403.3013728078781
213
8 443.71531318983375
12 481.6317710286954
16 469.4083221358201
20 408.12539112983984
214
8 440.361099924886
12 481.4709567142716
16 464.8197025430998
20 402.64340943753916
215
8 345.9764614422952
12 373.68529423790267
16 362.73551823429483
20 312.74781621481674
8 407.215840977031
12 441.6509072245742
16 424.06850991620735
20 371.6704695157999
216
8 370.94850840096336
12 402.27930479271424
16 383.560027914965
20 343.7153239937172
217
8 291.99669458194563
12 316.2098874138186
16 307.0132945121245
20 268.3040106604023
8 339.52608152127897
12 366.8276227911716
16 353.39449393425855
20 317.2833299343399
218
8 315.7762377264645
12 337.17186285484223
16 321.01321306007856
20 290.0801667115963
219
8 250.41284787406906
12 268.06318007635423
16 264.0651049103957
20 225.9906440280903
8 300.1383926147339
12 324.3618303001107
16 306.2221997000777
20 275.9777529464528
220
8 281.2591208423583
12 304.8158266005608
16 298.58449461339893
20 265.68128763603596
221
8 298.5197971177043
12 315.51629144790826
16 298.24013211570355
20 262.5993376971493
222
8 311.56603566121015
12 327.97711297462115
16 311.2972239222359
20 263.82295981392195
223
8 323.52929168445837
12 343.1663065572435
16 319.76963513831447
20 269.6297795696919
224
8 329.57072129874155
12 350.72043855356844
16 330.84392864376963
20 281.21436953820927
225
8 360.476879148996
12 383.23319401213575
16 368.96163406920556
20 316.6012661393793
226
8 278.99168251643806
12 299.2794723987988
16 291.64758107368056
20 249.31848380203425
8 379.96428991028614
12 410.0208172411117
16 400.088307245608
20 350.1933153214772
227
8 298.1272199845264
12 328.6996598830759
16 305.4231970293862
20 264.1627527447053
8 381.9737222187436
12 412.83125415210816
16 401.9484785303587
20 361.0671394694126
228
8 385.72730810066855
12 421.4729890401604
16 413.4159801213645
20 368.50122348795696
229
8 384.37311288354135
12 418.6752976848457
16 404.047005840878
20 359.0104831489766
230
8 308.8986865399429
12 336.0421345431397
16 326.9225196749352
20 272.6735341221965
8 398.2368411769036
12 425.0330922521766
16 407.67727843796206
20 356.1905555593147
231
8 322.71596268969256
12 350.9869242941805
16 334.2183555604726
20 282.7405330473501
8 386.8991419163925
12 410.3986536898267
16 391.57309337124406
20 341.7844825306014
232
8 374.79442844248297
12 401.17450250216075
16 383.4164306558444
20 339.56095048687587
233
8 285.662061486738
12 306.0337167136701
16 292.75765984637565
20 246.24534761452537
8 363.2563034596606
12 391.7280342669254
16 376.8402033898853
20 324.89056220013845
234
8 360.69288045171885
12 388.1341490096405
16 375.13973053159344
20 326.17072369502273
235
8 281.14509074776157
12 307.17873905977655
16 293.398013778346
20 252.41484054276333
8 354.2754504311996
12 382.1933514624191
16 370.0436731199237
20 321.6923380588984
236
8 343.680255105339
12 370.0489844856025
16 356.87905486559697
20 316.41991880262356
237
8 275.4416510231948
12 303.03024345455907
16 288.8392974606759
20 249.9690692770039
8 336.73434572639
12 364.24297705859016
16 352.96616882988934
20 310.2058318368466
238
8 331.26650281826596
12 359.5598055627747
16 349.04368865701844
20 304.74568381512825
239
8 281.0189261566945
12 307.2766972858285
16 292.43193478984495
20 253.12643614980553
8 336.6921365330637
12 363.4676347659686
16 351.4643638244612
20 304.6694351064445
240
8 333.784086331493
12 363.7525930504383
16 353.04482484372926
20 306.5392907793389
    