0
0 171.43987655639648 462.2694969177246
8 284.89837646484375 339.0414047241211
12 242.82903671264648 330.0480079650879
16 203.73533248901367 329.1804027557373
20 164.68683242797852 331.4761734008789
1
0 168.72711181640625 463.6424446105957
8 285.5691909790039 340.89488983154297
12 243.1757354736328 329.62669372558594
16 203.04405212402344 328.81799697875977
20 165.96796035766602 331.37134552001953
2
0 168.9386749267578 464.12572860717773
8 284.0054130554199 338.6781692504883
12 241.27153396606445 328.3414077758789
16 201.4122200012207 328.82723808288574
20 163.47015380859375 331.9776248931885
3
0 168.09709548950195 465.26241302490234
8 285.0069808959961 340.3878593444824
12 241.35940551757812 328.75288009643555
16 200.9728240966797 328.2777786254883
20 163.10529708862305 331.80994033813477
4
0 166.42927169799805 464.4804382324219
8 283.92499923706055 338.6073875427246
12 240.60108184814453 327.98598289489746
16 200.72641372680664 327.77363777160645
20 162.46021270751953 331.3029670715332
5
0 167.49486923217773 465.31105041503906
8 284.0093803405762 339.00424003601074
12 240.59585571289062 327.2010326385498
16 200.2507781982422 326.6139507293701
20 162.45306015014648 330.0791645050049
6
0 174.80806350708008 463.9698314666748
8 290.6970405578613 334.71805572509766
12 249.1020965576172 324.47072982788086
16 208.37390899658203 323.81701469421387
20 169.0829086303711 328.49209785461426
7
0 175.65656661987305 466.0400676727295
8 295.96622467041016 338.226957321167
12 252.14763641357422 327.65344619750977
16 210.43472290039062 327.25951194763184
20 168.70546340942383 330.77253341674805
8
0 184.17898178100586 477.37707138061523
8 305.0004577636719 345.5845642089844
12 256.04272842407227 337.1338176727295
16 211.82722091674805 335.30616760253906
20 168.63191604614258 337.0894145965576
9
0 188.14119338989258 481.8811225891113
8 314.18312072753906 353.04436683654785
12 263.1646728515625 342.7811050415039
16 216.36856079101562 340.45186042785645
20 171.23790740966797 343.1952381134033
10
0 192.6872444152832 489.63598251342773
8 318.36910247802734 355.95791816711426
12 267.9023742675781 345.093355178833
16 217.50333786010742 341.7484474182129
20 171.6031265258789 345.48683166503906
11
0 201.09664916992188 481.468505859375
8 324.77176666259766 338.5495376586914
12 275.13317108154297 331.08630180358887
16 226.35869979858398 329.7396469116211
20 179.23416137695312 329.5228672027588
12
0 190.92941284179688 474.07822608947754
8 323.73470306396484 329.822359085083
12 276.1835479736328 321.54584884643555
16 230.0783348083496 319.1114616394043
20 185.86620330810547 322.12291717529297
13
0 188.59460830688477 476.7037296295166
8 322.4259567260742 346.78107261657715
12 274.83280181884766 338.01987648010254
16 234.88656997680664 334.310359954834
20 190.77905654907227 330.6895637512207
14
0 179.74946975708008 469.5094585418701
8 322.4408721923828 366.8334674835205
12 275.77274322509766 354.90145683288574
16 235.37782669067383 343.82978439331055
20 193.0450439453125 331.80908203125
15
0 193.95519256591797 464.3122673034668
8 338.0255126953125 344.8531436920166
12 296.2337875366211 327.16870307922363
16 255.631103515625 320.2252006530762
20 211.65620803833008 316.3608455657959
16
0 196.8400764465332 477.4324607849121
8 353.6771011352539 370.9655570983887
12 310.9509086608887 352.0209503173828
16 267.9124641418457 345.01848220825195
20 225.45555114746094 337.2386169433594
17
0 183.28781127929688 502.16869354248047
8 334.2542266845703 383.8429641723633
12 294.9574661254883 366.81979179382324
16 250.16143798828125 358.76967430114746
20 208.39244842529297 356.89327239990234
18
0 223.98305892944336 398.8121223449707
8 329.33837890625 390.25511741638184
12 280.0161552429199 387.8599262237549
16 229.42001342773438 379.9413299560547
20 182.45508193969727 370.29258728027344
0 166.98278427124023 513.0883026123047
8 309.77832794189453 387.1036434173584
12 264.2424011230469 378.4340286254883
16 214.80581283569336 375.2809238433838
20 175.2979850769043 378.9184856414795
19
0 164.10198211669922 524.3338966369629
8 287.8803062438965 361.28954887390137
12 242.99819946289062 363.0777168273926
16 195.4351043701172 374.09202575683594
20 153.25238227844238 381.1179256439209
20
0 162.17657089233398 508.6981201171875
8 292.5810432434082 378.304967880249
12 239.73674774169922 360.9924030303955
16 192.9928970336914 370.42983055114746
20 155.20703315734863 374.07772064208984
21
0 183.56313705444336 513.8912773132324
8 301.5622329711914 378.0105400085449
12 255.62503814697266 369.1146183013916
16 206.9716453552246 370.6244945526123
20 164.95800018310547 372.8492832183838
22
0 176.201171875 500.9466361999512
8 302.9718780517578 371.19561195373535
12 258.2115173339844 365.97301483154297
16 213.13247680664062 361.38224601745605
20 172.07712173461914 364.5285701751709
23
0 160.15493392944336 490.3904342651367
8 309.27417755126953 373.61804008483887
12 270.45427322387695 361.88982009887695
16 225.1837158203125 360.6107711791992
20 182.10271835327148 365.55261611938477
24
0 196.97063446044922 470.6446838378906
8 337.8168487548828 345.51395416259766
12 299.66644287109375 339.7872734069824
16 261.53459548950195 339.3939399719238
20 224.6327018737793 341.4205741882324
25
0 213.64299774169922 452.2550296783447
8 338.3803939819336 339.4712448120117
12 300.15018463134766 329.8491096496582
16 260.4801559448242 327.72345542907715
20 225.29651641845703 330.28255462646484
26
0 220.24852752685547 422.82886505126953
8 326.69002532958984 312.43998527526855
12 289.6714782714844 304.52141761779785
16 257.7861785888672 313.89759063720703
20 229.2681121826172 318.7214469909668
27
0 231.23722076416016 412.4317932128906
8 333.03062438964844 314.6773910522461
12 300.5015754699707 305.3341484069824
16 269.27867889404297 309.83885765075684
20 241.11534118652344 316.9153690338135
28
0 242.66677856445312 422.01284408569336
8 344.82540130615234 316.3023090362549
12 313.2620429992676 308.69296073913574
16 281.4251899719238 311.0001754760742
20 251.11862182617188 317.9179286956787
29
0 239.34322357177734 432.4148941040039
8 346.31053924560547 318.41540336608887
12 310.7951354980469 312.806453704834
16 273.54772567749023 314.81343269348145
20 241.01160049438477 320.94743728637695
30
0 231.05039596557617 450.5452823638916
8 344.93595123291016 330.2095699310303
12 305.85079193115234 323.5990905761719
16 266.15915298461914 323.4396171569824
20 230.64064025878906 329.77532386779785
31
0 214.0517234802246 462.6478385925293
8 340.6874465942383 332.6890468597412
12 297.10594177246094 327.64434814453125
16 252.96403884887695 328.1631088256836
20 214.93261337280273 336.67613983154297
32
0 178.05469512939453 461.0528755187988
8 313.14525604248047 322.8559112548828
12 263.5765266418457 321.64916038513184
16 211.58380508422852 322.7361488342285
20 165.88254928588867 329.3902587890625
33
0 172.32973098754883 481.4102554321289
8 304.0068054199219 321.40563011169434
12 248.1875228881836 325.8502006530762
16 193.71393203735352 327.3697757720947
20 148.17625999450684 334.25371170043945
34
0 192.66263961791992 484.1074562072754
8 331.7748260498047 322.35005378723145
12 266.5911102294922 326.1068344116211
16 205.67264556884766 328.9906883239746
20 155.07874488830566 334.1703987121582
35
0 228.49899291992188 434.68600273132324
8 373.32271575927734 329.38053131103516
12 306.1995315551758 327.1617794036865
16 242.77647018432617 333.6031723022461
20 189.1717529296875 342.5178337097168
36
0 312.3919486999512 416.96388244628906
8 365.0049591064453 317.3392581939697
12 333.6330795288086 317.65514373779297
16 313.19780349731445 322.697696685791
20 290.8477973937988 344.738073348999
37
0 360.86246490478516 437.08946228027344
8 434.6503448486328 288.0073356628418
12 385.11669158935547 271.8314552307129
16 340.3667449951172 271.7695713043213
20 291.328182220459 296.3154602050781
0 332.72804260253906 411.1384677886963
8 433.2958984375 310.06545066833496
12 380.2030563354492 295.8716583251953
16 336.12998962402344 293.36886405944824
20 288.5482597351074 299.13817405700684
38
0 303.3390426635742 407.3557662963867
8 389.26082611083984 306.1863899230957
12 334.24217224121094 306.3164806365967
16 290.8685493469238 308.56435775756836
20 234.04756546020508 335.27621269226074
39
0 255.28148651123047 421.08155250549316
8 319.3256187438965 336.3739585876465
12 326.70440673828125 342.8474235534668
16 333.5612487792969 347.9051399230957
20 320.9415817260742 349.84182357788086
40
0 232.07788467407227 436.2538433074951
8 338.3218765258789 289.12007331848145
12 320.34889221191406 272.871036529541
16 294.27453994750977 273.54363441467285
20 272.79090881347656 298.77076148986816
41
0 207.74431228637695 467.58450508117676
8 317.23276138305664 348.1526184082031
12 285.37817001342773 349.0066909790039
16 243.46336364746094 359.9940776824951
20 223.61982345581055 363.7101173400879
42
0 180.7501220703125 448.4156799316406
8 296.48609161376953 347.7986812591553
12 275.19397735595703 349.82065200805664
16 239.63932037353516 360.721378326416
20 221.9493293762207 371.03479385375977
43
0 187.81976699829102 464.74894523620605
8 334.73854064941406 358.52577209472656
12 297.85043716430664 358.8010025024414
16 256.85413360595703 368.46516609191895
20 225.76618194580078 386.77823066711426
44
0 184.4051170349121 465.7899284362793
8 339.0410614013672 369.38941955566406
12 303.80197525024414 369.1985607147217
16 262.50804901123047 373.4582233428955
20 228.25763702392578 389.4059371948242
45
0 179.5737648010254 447.7632236480713
8 339.0890121459961 375.02580642700195
12 297.8533744812012 370.5549144744873
16 254.09679412841797 376.7318630218506
20 213.4916114807129 387.53045082092285
46
0 183.43862533569336 443.3082962036133
8 322.72438049316406 370.6592273712158
12 275.13681411743164 368.3982753753662
16 229.9850845336914 377.1829032897949
20 190.56663513183594 387.99193382263184
47
0 186.18553161621094 420.78466415405273
8 319.40881729125977 356.08531951904297
12 261.45923614501953 348.85668754577637
16 209.61370468139648 359.0841579437256
20 176.16069793701172 368.9021873474121
48
0 203.92314910888672 410.1020336151123
8 328.0604553222656 358.47092628479004
12 279.27953720092773 362.34875679016113
16 224.2786407470703 363.32210540771484
20 183.52602005004883 380.2301216125488
49
0 166.08755111694336 488.2426071166992
8 251.57127380371094 333.7240219116211
12 219.81172561645508 341.79943084716797
16 198.78307342529297 359.93465423583984
20 182.42874145507812 379.16356086730957
0 217.6720428466797 442.9690361022949
8 347.44258880615234 384.00675773620605
12 299.07812118530273 385.1047897338867
16 248.78746032714844 388.0993366241455
20 200.80366134643555 393.54440689086914
50
0 179.85519409179688 428.87426376342773
8 285.99313735961914 324.9802780151367
12 235.35526275634766 332.7444648742676
16 180.89439392089844 342.6127624511719
20 133.1977081298828 369.12800788879395
51
0 226.96643829345703 437.5064277648926
8 277.9121208190918 345.690221786499
12 224.71759796142578 356.405668258667
16 175.36848068237305 360.08588790893555
20 123.38125228881836 374.3782138824463
52
0 190.16157150268555 392.09710121154785
8 267.705135345459 315.63405990600586
12 216.47926330566406 327.42018699645996
16 168.05112838745117 332.9847049713135
20 124.16337966918945 338.9223289489746
53
0 125.7201099395752 447.8862476348877
8 305.5048179626465 339.5262908935547
12 253.13312530517578 330.2251625061035
16 211.16178512573242 328.06509017944336
20 168.2785987854004 339.51541900634766
54
0 182.5912094116211 498.17487716674805
8 302.98383712768555 338.44356536865234
12 254.35230255126953 337.5281238555908
16 209.82601165771484 344.2499542236328
20 165.28167724609375 346.72107696533203
55
0 186.6268539428711 489.27120208740234
8 322.04776763916016 333.96949768066406
12 271.6803169250488 332.2819232940674
16 224.55774307250977 335.7476806640625
20 176.17273330688477 337.4660110473633
56
0 182.65735626220703 482.52004623413086
8 327.5238037109375 347.1447944641113
12 276.4084815979004 338.44244956970215
16 227.82196044921875 334.4143295288086
20 181.43733978271484 334.23654556274414
57
0 160.69053649902344 488.35968017578125
8 311.12016677856445 357.19310760498047
12 260.0647735595703 344.84424591064453
16 209.22122955322266 338.87598037719727
20 161.16470336914062 342.88710594177246
58
0 161.8620491027832 470.28980255126953
8 294.06017303466797 310.5681037902832
12 251.83881759643555 308.7561893463135
16 209.3248748779297 311.2872791290283
20 165.88430404663086 318.3566093444824
59
0 172.07788467407227 478.738489151001
8 288.9902114868164 336.56049728393555
12 238.35350036621094 331.8628692626953
16 194.96376037597656 336.7265224456787
20 153.38991165161133 341.39662742614746
60
0 197.02566146850586 489.0619468688965
8 289.6670150756836 358.4143924713135
12 240.51536560058594 354.89307403564453
16 200.09336471557617 354.25867080688477
20 154.8094367980957 365.29566764831543
61
0 193.28275680541992 484.90488052368164
8 287.6612663269043 373.0836582183838
12 246.17441177368164 364.010066986084
16 208.47637176513672 361.75469398498535
20 161.4502716064453 369.3178939819336
62
0 222.07439422607422 499.03907775878906
8 309.7041320800781 375.2088260650635
12 271.3641166687012 367.0143413543701
16 231.658935546875 364.3656063079834
20 185.17797470092773 367.9606533050537
63
0 263.23814392089844 505.18747329711914
8 262.98126220703125 351.55091285705566
12 243.00569534301758 358.8427734375
16 220.15348434448242 372.0266532897949
20 191.11310958862305 382.9683494567871
64
0 266.63002014160156 515.1393699645996
8 243.275146484375 349.3109321594238
12 237.00119018554688 357.9077339172363
16 231.37649536132812 373.62573623657227
20 238.08969497680664 392.8649711608887
65
0 250.00642776489258 508.08197021484375
8 221.40506744384766 361.99313163757324
12 229.78557586669922 381.8170166015625
16 246.80526733398438 410.2133846282959
20 256.2466239929199 417.4576663970947
66
0 296.13826751708984 514.4096374511719
8 201.95266723632812 365.11430740356445
12 243.84796142578125 387.4587821960449
16 283.9674186706543 408.44736099243164
20 310.53701400756836 421.78215980529785
67
0 291.06027603149414 524.267749786377
8 184.6527099609375 372.6115036010742
12 229.65301513671875 383.0505180358887
16 274.4091987609863 398.7549018859863
20 319.4454574584961 408.4072780609131
68
0 258.93394470214844 532.3459625244141
8 164.71551895141602 374.43592071533203
12 211.5328025817871 375.89012145996094
16 263.1806945800781 393.720645904541
20 306.90975189208984 403.16691398620605
69
0 229.90978240966797 552.7057456970215
8 149.9683380126953 393.848934173584
12 191.6975212097168 388.3945369720459
16 245.07207870483398 404.533109664917
20 292.60799407958984 410.75732231140137
70
0 279.21308517456055 555.1387023925781
8 171.77444458007812 419.7279453277588
12 220.25537490844727 423.8891887664795
16 275.29273986816406 443.08356285095215
20 320.7815170288086 446.8790531158447
71
0 283.9364242553711 564.6209335327148
8 194.29912567138672 425.6331539154053
12 242.63286590576172 426.1544609069824
16 296.91375732421875 444.8103618621826
20 341.56688690185547 455.89101791381836
72
0 328.49979400634766 546.7856597900391
8 194.77081298828125 406.39185905456543
12 247.1615982055664 443.4046268463135
16 297.962646484375 464.40911293029785
20 335.4753112792969 484.5223617553711
73
0 403.04492950439453 550.2178573608398
8 205.77919006347656 416.37356758117676
12 242.63216018676758 441.75089836120605
16 284.12235260009766 485.6022834777832
20 319.1305732727051 480.23929595947266
74
0 412.7587127685547 548.382740020752
8 307.59775161743164 382.5127601623535
12 303.3687210083008 395.4020690917969
16 300.03841400146484 421.1012363433838
20 311.3747024536133 453.14480781555176
75
0 323.5888671875 553.4925270080566
8 277.0707130432129 374.64609146118164
12 252.87466049194336 403.88028144836426
16 229.55322265625 437.18064308166504
20 216.79338455200195 466.6941833496094
76
0 243.98212432861328 525.9159851074219
8 311.1220169067383 364.3091297149658
12 271.2078666687012 373.5958957672119
16 228.84759902954102 382.0719909667969
20 189.92401123046875 402.1335697174072
77
0 205.3619384765625 514.054069519043
8 323.82694244384766 351.88857078552246
12 265.2851867675781 349.9699115753174
16 210.66160202026367 353.1147766113281
20 161.99804306030273 370.8963203430176
78
0 187.16535568237305 511.644344329834
8 344.8213577270508 364.4363021850586
12 287.6472282409668 356.89470291137695
16 232.4886703491211 362.8465175628662
20 180.56001663208008 379.1543769836426
79
0 179.07291412353516 504.49413299560547
8 337.69325256347656 339.61761474609375
12 280.80392837524414 326.17444038391113
16 226.50213241577148 328.5343837738037
20 177.56925582885742 341.2760066986084
80
0 174.85284805297852 512.4219131469727
8 334.4063949584961 324.3687057495117
12 284.68706130981445 307.20325469970703
16 232.1460723876953 311.3115978240967
20 183.79201889038086 321.69745445251465
81
0 168.62789154052734 528.6386489868164
8 338.03226470947266 305.67315101623535
12 306.5256690979004 285.5874538421631
16 265.5440139770508 282.97502517700195
20 225.57008743286133 279.96402740478516
82
0 259.9651527404785 359.9531078338623
8 355.8249282836914 348.5433769226074
12 295.08331298828125 351.47844314575195
16 244.13070678710938 364.2744827270508
20 192.65962600708008 374.8439598083496
0 150.4893684387207 580.1186370849609
8 328.89842987060547 388.11347007751465
12 275.54006576538086 379.0103816986084
16 222.3092269897461 377.85587310791016
20 169.60498809814453 390.8082675933838
83
0 147.95531272888184 609.3483352661133
8 319.5702362060547 409.9549198150635
12 260.78256607055664 397.5570487976074
16 202.66645431518555 394.59251403808594
20 146.6378879547119 409.91469383239746
84
0 122.40405082702637 572.0243453979492
8 320.8108901977539 397.53613471984863
12 260.25306701660156 385.67115783691406
16 201.94232940673828 383.26157569885254
20 140.46653747558594 391.7541217803955
85
0 166.58777236938477 485.4852104187012
8 302.08927154541016 361.95496559143066
12 256.6099166870117 362.10365295410156
16 213.77439498901367 370.12081146240234
20 164.96007919311523 381.81469917297363
0 113.91842842102051 561.7264366149902
8 299.116268157959 385.74846267700195
12 238.85589599609375 376.2558174133301
16 177.64921188354492 380.0521659851074
20 119.43527221679688 389.5007801055908
86
0 180.9337043762207 510.2321434020996
8 280.3829574584961 354.7983169555664
12 249.21136856079102 359.7322654724121
16 212.18507766723633 370.6241512298584
20 181.0066795349121 388.7644100189209
0 169.9237060546875 581.8077850341797
8 304.1486358642578 357.7255153656006
12 260.268497467041 373.56061935424805
16 221.87990188598633 386.07690811157227
20 182.61667251586914 402.70179748535156
87
0 150.08737564086914 497.05936431884766
8 239.1687774658203 347.83289909362793
12 233.1620979309082 353.66063117980957
16 217.91656494140625 369.38612937927246
20 207.2361946105957 393.131103515625
0 131.5810775756836 527.1965217590332
8 232.40606307983398 352.39583015441895
12 217.50207901000977 360.8789348602295
16 206.92447662353516 377.63505935668945
20 194.37017440795898 393.8701629638672
88
0 131.83185577392578 529.563045501709
8 167.83044815063477 375.1318645477295
12 178.75038146972656 389.3560981750488
16 199.45716857910156 403.9944362640381
20 218.06249618530273 417.4924564361572
89
0 139.2510986328125 536.6354942321777
8 159.37438011169434 384.1108703613281
12 155.36541938781738 388.7106227874756
16 167.32240676879883 404.855375289917
20 179.60882186889648 417.27848052978516
90
0 195.14434814453125 548.6774826049805
8 245.61573028564453 362.2934818267822
12 226.80837631225586 369.338321685791
16 202.9172706604004 394.1216468811035
20 172.87479400634766 414.5804214477539
91
0 352.52994537353516 465.97174644470215
8 204.96871948242188 351.77144050598145
12 267.844181060791 350.0705909729004
16 321.79737091064453 366.88536643981934
20 368.30738067626953 358.34672927856445
0 173.06699752807617 478.4264945983887
8 336.03824615478516 369.7067928314209
12 289.1437339782715 368.19305419921875
16 238.49258422851562 374.62952613830566
20 195.59616088867188 393.2350730895996
92
0 178.78339767456055 460.35996437072754
8 336.1880874633789 382.9331874847412
12 285.35234451293945 374.62254524230957
16 233.7120819091797 377.57466316223145
20 184.85235214233398 384.4646644592285
93
0 321.78638458251953 460.9979724884033
8 212.57274627685547 353.1682777404785
12 272.86828994750977 361.7984104156494
16 330.1082229614258 385.7552146911621
20 380.4634094238281 399.7455883026123
94
0 172.30682373046875 498.24920654296875
8 353.3148956298828 364.3845462799072
12 278.54711532592773 371.95987701416016
16 205.84562301635742 374.851598739624
20 152.60191917419434 365.59842109680176
95
0 131.0293674468994 464.4456481933594
8 329.88826751708984 407.80900955200195
12 284.79015350341797 395.79291343688965
16 231.97221755981445 378.2347583770752
20 177.74286270141602 366.11995697021484
96
0 117.72652626037598 458.1104278564453
8 300.23534774780273 345.8438301086426
12 258.40559005737305 344.48710441589355
16 202.1985626220703 341.88920974731445
20 151.00550651550293 351.6418647766113
97
0 233.12925338745117 468.74141693115234
8 279.2599678039551 266.1225986480713
12 233.8422966003418 287.9658508300781
16 194.73546981811523 335.8144283294678
20 172.18215942382812 363.0165481567383
0 136.18722915649414 485.1313018798828
8 277.43322372436523 302.88594245910645
12 251.50739669799805 323.94192695617676
16 220.1097297668457 344.04507637023926
20 187.21397399902344 378.59278678894043
98
0 176.54239654541016 428.83832931518555
8 244.9837875366211 290.6399345397949
12 225.05699157714844 319.2875576019287
16 208.71469497680664 352.8739356994629
20 201.03448867797852 376.75320625305176
0 149.57318305969238 488.9085388183594
8 255.54718017578125 296.56617164611816
12 237.17538833618164 316.52217864990234
16 219.4614028930664 342.5321102142334
20 205.8306884765625 378.2746696472168
99
0 174.0467643737793 500.4616928100586
8 136.75700187683105 304.1469955444336
12 141.28890991210938 333.62897872924805
16 155.1162815093994 367.39325523376465
20 182.54693984985352 394.5663070678711
100
0 197.13605880737305 495.0347900390625
8 104.56639289855957 326.8637466430664
12 124.40564155578613 362.51343727111816
16 150.36473274230957 394.46064949035645
20 184.10898208618164 422.04729080200195
101
0 161.6665267944336 358.65912437438965
8 185.03602981567383 417.3606204986572
12 118.82762908935547 394.8664855957031
16 77.97805309295654 357.64211654663086
20 29.422664642333984 319.49472427368164
102
0 86.72480583190918 370.1406955718994
8 177.71905899047852 413.68778228759766
12 100.65637588500977 383.7007427215576
16 58.13833713531494 368.86396408081055
20 15.531665086746216 328.046350479126
103
0 134.89248275756836 399.42166328430176
8 221.10546112060547 441.146936416626
12 167.31721878051758 414.5108985900879
16 122.66448974609375 380.73071479797363
20 85.77878952026367 346.3962650299072
104
0 263.5459327697754 346.9364261627197
8 236.78585052490234 415.191650390625
12 240.79471588134766 351.4760398864746
16 233.86075973510742 305.22568702697754
20 215.82666397094727 243.68840217590332
105
0 270.87413787841797 360.717716217041
8 171.16962432861328 416.10803604125977
12 206.8089485168457 364.3072700500488
16 224.67056274414062 318.6166191101074
20 236.39081954956055 266.5644836425781
106
0 272.48857498168945 441.01298332214355
8 185.69486618041992 453.9194583892822
12 221.10536575317383 408.92003059387207
16 255.41841506958008 364.36394691467285
20 299.12206649780273 327.78674125671387
107
0 169.00506973266602 506.209659576416
8 274.2215156555176 379.03767585754395
12 237.02241897583008 410.1405715942383
16 198.01546096801758 432.10161209106445
20 157.821683883667 448.65626335144043
108
0 191.80667877197266 510.0046920776367
8 298.1113052368164 380.63060760498047
12 254.3761444091797 394.0890312194824
16 205.84735870361328 405.00128746032715
20 160.8230209350586 416.3262748718262
109
0 191.65679931640625 506.23735427856445
8 303.7465286254883 405.9968376159668
12 260.8100891113281 393.67733001708984
16 213.85581970214844 399.0516471862793
20 164.6562957763672 397.86603927612305
110
0 323.1072235107422 444.20671463012695
8 233.77532958984375 362.7807140350342
12 273.9455986022949 380.84484100341797
16 321.92150115966797 399.60991859436035
20 365.40027618408203 415.3421401977539
111
0 351.6292953491211 462.19714164733887
8 200.57928085327148 389.3671131134033
12 272.1390724182129 383.45020294189453
16 304.70190048217773 395.3401851654053
20 356.86363220214844 424.54822540283203
112
0 345.859375 417.0842742919922
8 278.86144638061523 332.40180015563965
12 309.10884857177734 307.18926429748535
16 344.0892791748047 290.77383041381836
20 367.6410675048828 291.5710258483887
113
0 269.6256637573242 416.51461601257324
8 306.67030334472656 386.2750053405762
12 303.47280502319336 364.13540840148926
16 303.2274627685547 358.7754821777344
20 304.2938423156738 336.22029304504395
114
0 300.1723098754883 370.3882598876953
8 330.83370208740234 380.8034133911133
12 316.4175224304199 366.56161308288574
16 297.91282653808594 346.5692710876465
20 269.7311019897461 336.264123916626
115
0 260.3486633300781 453.53410720825195
8 337.2190475463867 387.0849323272705
12 300.5625343322754 362.5067710876465
16 270.3865623474121 346.9811153411865
20 232.06274032592773 323.3393669128418
116
0 288.9273452758789 485.4465866088867
8 212.76636123657227 326.65635108947754
12 270.4845428466797 349.7897529602051
16 313.9939880371094 363.3072566986084
20 346.9026565551758 364.5644474029541
117
0 303.1354331970215 473.83835792541504
8 194.6611785888672 323.6238670349121
12 263.77824783325195 345.5753803253174
16 308.82930755615234 350.86172103881836
20 347.94132232666016 344.86169815063477
118
0 309.8448371887207 461.39410972595215
8 182.69256591796875 331.36722564697266
12 256.02373123168945 337.77923583984375
16 303.8869285583496 340.7452583312988
20 345.74825286865234 333.7785816192627
119
0 291.49925231933594 484.4674873352051
8 139.21175956726074 372.7521514892578
12 210.39579391479492 368.87306213378906
16 267.9110527038574 364.3121910095215
20 314.2323303222656 352.8490734100342
120
0 316.28894805908203 498.0777168273926
8 186.6499137878418 364.87704277038574
12 256.1662483215332 372.04630851745605
16 312.2237205505371 388.85753631591797
20 360.4084777832031 382.889986038208
121
0 330.5979537963867 499.42731857299805
8 223.5539436340332 350.5579376220703
12 291.2692642211914 366.633939743042
16 338.988037109375 381.69407844543457
20 377.10975646972656 382.63821601867676
122
0 304.8618507385254 484.09801483154297
8 236.82353973388672 329.46842193603516
12 283.2382583618164 352.21052169799805
16 323.0613327026367 365.38722038269043
20 355.5782699584961 370.16504287719727
123
0 286.56002044677734 481.7679977416992
8 259.8634910583496 326.92251205444336
12 292.05244064331055 352.05965995788574
16 322.0546340942383 371.493444442749
20 355.9245300292969 378.17931175231934
124
0 326.5176773071289 481.79935455322266
8 314.9651527404785 392.2848415374756
12 307.53698348999023 376.9295024871826
16 313.2944679260254 367.628116607666
20 316.1908149719238 371.0842037200928
125
0 361.24202728271484 449.1054439544678
8 311.7043876647949 405.5020523071289
12 333.22078704833984 374.79334831237793
16 359.2195510864258 345.45244216918945
20 376.7324447631836 324.6182155609131
126
0 325.70423126220703 509.41904067993164
8 365.44246673583984 329.3258285522461
12 342.51232147216797 348.50297927856445
16 312.50926971435547 375.95166206359863
20 285.0724220275879 412.7772045135498
127
0 429.6528625488281 452.2844696044922
8 256.3140678405762 304.0919494628906
12 318.3500671386719 303.61644744873047
16 369.754638671875 314.2745590209961
20 404.63680267333984 301.3006782531738
0 311.3089942932129 479.192590713501
8 382.9403305053711 341.1061477661133
12 344.80186462402344 352.0543956756592
16 306.84181213378906 375.7682132720947
20 262.44140625 391.43428802490234
128
0 341.84425354003906 410.84638595581055
8 356.4604187011719 347.56988525390625
12 334.22645568847656 350.7217025756836
16 306.1042022705078 362.9783248901367
20 258.7305450439453 363.850793838501
129
0 316.5255928039551 405.5554676055908
8 284.61647033691406 340.9214687347412
12 316.2858009338379 349.6863555908203
16 338.6899948120117 360.43344497680664
20 356.06300354003906 374.7878837585449
130
0 187.26945877075195 475.10644912719727
8 341.10260009765625 352.7267646789551
12 290.6346893310547 341.4515018463135
16 237.51306533813477 335.09419441223145
20 195.52785873413086 336.95815086364746
0 284.2221450805664 420.68827629089355
8 362.34222412109375 279.91530418395996
12 322.44678497314453 253.54894638061523
16 289.5121383666992 257.90637016296387
20 258.03361892700195 270.60513496398926
131
0 149.96703147888184 458.2975101470947
8 307.0092010498047 359.87194061279297
12 260.616512298584 345.45207023620605
16 212.06687927246094 324.55615997314453
20 172.45479583740234 310.66420555114746
132
0 144.96715545654297 467.26959228515625
8 306.10939025878906 362.85412788391113
12 255.64180374145508 348.25098037719727
16 207.36604690551758 330.7756233215332
20 162.8079605102539 320.41208267211914
133
0 130.85076332092285 454.9369525909424
8 283.49523544311523 360.536470413208
12 227.56807327270508 357.744140625
16 171.41035079956055 349.6337127685547
20 124.94805335998535 344.02642250061035
134
0 121.92322731018066 458.2158851623535
8 272.9684257507324 355.45260429382324
12 223.49132537841797 354.2189025878906
16 162.52264022827148 347.85435676574707
20 101.88357353210449 352.1410274505615
135
0 148.37830543518066 427.4244976043701
8 292.7167510986328 347.4579620361328
12 234.05729293823242 346.54638290405273
16 173.84063720703125 355.46833992004395
20 105.84673881530762 364.83927726745605
136
0 335.0661849975586 436.4376926422119
8 203.61366271972656 331.5780544281006
12 259.94091033935547 328.0989646911621
16 311.93431854248047 326.6578960418701
20 362.92945861816406 312.3236560821533
137
0 316.8153190612793 372.1625232696533
8 234.99107360839844 350.9505558013916
12 283.0035209655762 325.35146713256836
16 326.53114318847656 306.5489101409912
20 365.838623046875 287.48379707336426
138
0 221.49826049804688 393.5225772857666
8 251.54830932617188 347.0662021636963
12 259.17776107788086 327.32791900634766
16 269.97426986694336 317.7927589416504
20 278.59798431396484 300.6778907775879
139
0 209.47629928588867 462.5339984893799
8 249.90144729614258 323.0645942687988
12 249.42646026611328 333.495569229126
16 246.6910171508789 331.21607780456543
20 249.80770111083984 342.75160789489746
140
0 225.72149276733398 507.44253158569336
8 227.79809951782227 331.50970458984375
12 233.27373504638672 339.04964447021484
16 246.5553855895996 351.4622211456299
20 268.1510543823242 366.81578636169434
141
0 220.5652618408203 497.1027946472168
8 184.08000946044922 324.8996829986572
12 209.00775909423828 346.4110565185547
16 246.20088577270508 367.1694087982178
20 281.56375885009766 374.8725414276123
142
0 232.82609939575195 504.8543357849121
8 164.47433471679688 330.3045845031738
12 205.64300537109375 363.1797409057617
16 248.33986282348633 375.85229873657227
20 285.29571533203125 376.37134552001953
143
0 241.71974182128906 507.0461082458496
8 140.80431938171387 336.78016662597656
12 195.22823333740234 366.1904239654541
16 244.8258399963379 381.6755962371826
20 287.5389289855957 381.22243881225586
144
0 240.62179565429688 507.88135528564453
8 124.99812126159668 352.6930332183838
12 180.73200225830078 365.5540180206299
16 238.65154266357422 379.2121410369873
20 283.853816986084 382.81688690185547
145
0 253.6545753479004 502.69569396972656
8 141.1930751800537 369.8167133331299
12 196.4940643310547 386.97521209716797
16 251.2173080444336 403.76933097839355
20 293.5642623901367 413.97485733032227
146
0 302.2710609436035 487.62874603271484
8 178.51430892944336 374.2739009857178
12 221.5427017211914 392.6232719421387
16 275.2775192260742 412.97593116760254
20 320.6362533569336 426.2741947174072
147
0 326.14879608154297 484.89063262939453
8 223.95946502685547 375.7328224182129
12 240.64037322998047 394.6307945251465
16 264.4289207458496 415.4162120819092
20 289.9710464477539 432.12252616882324
148
0 372.99182891845703 462.2146511077881
8 275.3242492675781 400.5630397796631
12 267.8404235839844 390.9632205963135
16 274.05908584594727 382.7229881286621
20 267.36080169677734 378.30150604248047
149
0 378.3755111694336 441.0678005218506
8 231.9072723388672 343.42906951904297
12 254.76015090942383 369.7415542602539
16 286.1833953857422 399.8782253265381
20 311.72876358032227 430.09191513061523
150
0 389.06810760498047 425.3769779205322
8 258.47232818603516 339.3925094604492
12 259.9421501159668 346.468505859375
16 271.3302803039551 360.4620838165283
20 268.0275344848633 355.4989814758301
151
0 385.82847595214844 413.2232093811035
8 247.35223770141602 353.62486839294434
12 249.59144592285156 332.4350166320801
16 261.17496490478516 307.69397735595703
20 283.8820266723633 288.47668647766113
152
0 316.4353942871094 462.01375007629395
8 326.03099822998047 288.6532974243164
12 289.2768669128418 302.16928482055664
16 252.32294082641602 320.19126892089844
20 220.39983749389648 355.3505229949951
153
0 262.8452682495117 479.9341106414795
8 359.0132141113281 309.55867767333984
12 312.22726821899414 312.05549240112305
16 262.2377586364746 318.11119079589844
20 216.0120391845703 336.37221336364746
154
0 249.84296798706055 486.33522033691406
8 355.5916976928711 328.13770294189453
12 308.9947700500488 323.80462646484375
16 265.250186920166 325.4128360748291
20 222.3533058166504 333.4379768371582
155
0 238.4576416015625 475.06367683410645
8 342.0302963256836 326.9915771484375
12 300.1554298400879 319.4334411621094
16 262.071475982666 322.9600524902344
20 225.7753562927246 333.7720012664795
156
0 234.75225448608398 461.78152084350586
8 316.56978607177734 324.2178726196289
12 284.7515678405762 321.48831367492676
16 254.44868087768555 322.4568271636963
20 223.11866760253906 330.289363861084
157
0 223.15807342529297 461.2632465362549
8 293.8560104370117 302.8111267089844
12 266.50684356689453 330.3243827819824
16 241.85562133789062 328.2358932495117
20 212.88362503051758 334.024600982666
158
0 238.98889541625977 461.90423011779785
8 339.46727752685547 259.0114116668701
12 281.9266891479492 323.86754035949707
16 262.70275115966797 332.2239875793457
20 242.09060668945312 342.0432758331299
159
0 235.47584533691406 449.8187255859375
8 305.86692810058594 312.81864166259766
12 285.0454902648926 335.9762763977051
16 280.4101371765137 352.94145584106445
20 281.0834312438965 351.71473503112793
160
0 381.23729705810547 404.2676067352295
8 267.6400375366211 331.74805641174316
12 295.8746910095215 364.81003761291504
16 311.7228698730469 372.01769828796387
20 322.5168991088867 376.0053062438965
0 233.00125122070312 437.6007556915283
8 270.34692764282227 319.3587112426758
12 271.3648986816406 337.7944278717041
16 287.7145767211914 365.5396556854248
20 317.5252151489258 377.90820121765137
161
0 377.12284088134766 384.60193634033203
8 280.52600860595703 325.7861137390137
12 293.19629669189453 339.52611923217773
16 303.7893295288086 354.52637672424316
20 319.8619270324707 366.8196487426758
0 235.74390411376953 447.38142013549805
8 254.22025680541992 316.845760345459
12 269.68868255615234 340.5002689361572
16 290.52284240722656 366.2523651123047
20 306.89409255981445 379.3882656097412
162
0 259.2936134338379 455.24911880493164
8 265.10141372680664 316.71801567077637
12 277.0330810546875 343.4405994415283
16 290.9527015686035 368.6136245727539
20 305.2105140686035 385.83383560180664
163
0 268.6589241027832 463.0073547363281
8 245.46947479248047 334.5212173461914
12 256.74560546875 359.83795166015625
16 278.14483642578125 385.9599208831787
20 290.84524154663086 403.538761138916
164
0 262.51935958862305 470.494966506958
8 228.98700714111328 341.5158462524414
12 233.60429763793945 365.1141929626465
16 248.29116821289062 389.0693950653076
20 264.90901947021484 410.5562210083008
165
0 279.947566986084 473.3247470855713
8 205.17024993896484 324.68064308166504
12 209.11075592041016 349.72875595092773
16 220.47557830810547 372.55971908569336
20 226.1417579650879 401.13781929016113
166
0 284.6937370300293 469.09366607666016
8 191.42932891845703 357.8887939453125
12 187.94376373291016 349.5259094238281
16 200.15493392944336 344.0211296081543
20 215.1215934753418 347.87135124206543
167
0 260.59778213500977 467.9151248931885
8 263.3320426940918 315.63228607177734
12 227.81951904296875 328.405122756958
16 194.62926864624023 347.84932136535645
20 166.72174453735352 371.464262008667
168
0 252.57257461547852 469.39759254455566
8 277.6193428039551 309.9653148651123
12 240.42362213134766 322.6463985443115
16 207.52201080322266 344.2800235748291
20 174.79694366455078 367.52586364746094
169
0 236.6654396057129 469.9771785736084
8 302.1514892578125 310.8523178100586
12 263.99261474609375 318.5159683227539
16 225.00869750976562 333.0832099914551
20 189.32798385620117 347.44171142578125
170
0 224.01336669921875 458.52662086486816
8 326.7827606201172 307.9846000671387
12 295.87209701538086 298.74735832214355
16 259.46300506591797 304.5176410675049
20 228.75560760498047 311.5114402770996
171
0 215.56591033935547 452.6869869232178
8 343.0731964111328 313.94628524780273
12 312.0979309082031 295.90052604675293
16 277.2693634033203 291.102933883667
20 243.75200271606445 298.4439754486084
172
0 207.35357284545898 452.77424812316895
8 330.05226135253906 340.40316581726074
12 297.37958908081055 318.28073501586914
16 262.89390563964844 302.8095531463623
20 232.21426010131836 299.41420555114746
173
0 203.5005760192871 454.7281837463379
8 340.5144500732422 358.8215732574463
12 298.5245132446289 346.0780906677246
16 265.1979637145996 326.09230041503906
20 231.5789794921875 315.30964851379395
174
0 218.77456665039062 457.5694942474365
8 371.76143646240234 366.769495010376
12 336.94469451904297 351.70989990234375
16 302.27094650268555 338.5756587982178
20 268.21258544921875 327.81938552856445
175
0 220.6882095336914 463.98937225341797
8 375.02872467041016 369.6127510070801
12 348.23062896728516 358.73388290405273
16 313.5559844970703 349.1529178619385
20 278.59914779663086 347.8810214996338
176
0 224.2777442932129 469.2636966705322
8 363.09165954589844 346.94515228271484
12 336.7122268676758 343.258695602417
16 308.43048095703125 346.6947841644287
20 276.35791778564453 355.57233810424805
177
0 238.5580825805664 484.7153091430664
8 275.2207565307617 307.2044563293457
12 278.81643295288086 331.7585849761963
16 278.42687606811523 360.0377941131592
20 269.9419975280762 386.46549224853516
178
0 269.9188995361328 507.46959686279297
8 225.2106475830078 345.9632205963135
12 229.65984344482422 365.7591247558594
16 241.53804779052734 388.91687393188477
20 264.16067123413086 407.45518684387207
179
0 312.2068214416504 503.6366271972656
8 223.91138076782227 343.68258476257324
12 231.68458938598633 369.7020435333252
16 246.8701171875 395.80281257629395
20 255.27896881103516 433.68507385253906
180
0 302.71509170532227 502.9596519470215
8 294.25655364990234 372.1813774108887
12 266.79534912109375 386.1320972442627
16 236.9025421142578 393.4497356414795
20 203.34877014160156 408.41073989868164
181
0 287.65918731689453 473.7446594238281
8 364.0557098388672 346.73234939575195
12 323.9061737060547 349.5314598083496
16 287.14223861694336 355.9650135040283
20 250.01935958862305 364.59242820739746
0 275.8494567871094 490.29579162597656
8 354.6677780151367 354.72713470458984
12 321.5849304199219 349.87770080566406
16 286.18799209594727 353.5265922546387
20 248.1386947631836 363.51184844970703
182
0 278.1422996520996 469.5758056640625
8 402.1821975708008 338.6935043334961
12 355.3407669067383 326.2147521972656
16 310.1171112060547 319.5604991912842
20 269.04748916625977 319.0360450744629
183
0 265.0946617126465 472.55802154541016
8 415.70552825927734 363.77062797546387
12 367.80582427978516 346.55957221984863
16 321.06040954589844 333.25541496276855
20 272.6007652282715 327.5877857208252
184
0 257.78905868530273 453.61573219299316
8 422.3555374145508 368.90130043029785
12 370.6304931640625 356.8334197998047
16 317.3017883300781 345.61649322509766
20 272.5090217590332 344.75884437561035
185
0 276.02142333984375 490.22117614746094
8 410.3671646118164 341.31388664245605
12 362.0037078857422 333.4008979797363
16 308.9385795593262 330.2465057373047
20 260.2676010131836 343.3446407318115
186
0 281.22196197509766 513.171443939209
8 400.6755065917969 319.1941738128662
12 363.3652114868164 318.0828666687012
16 318.28521728515625 325.0573539733887
20 270.6902503967285 345.28613090515137
187
0 267.3354148864746 513.9579391479492
8 290.7859420776367 326.0551071166992
12 291.50829315185547 342.3025703430176
16 304.25268173217773 369.2325782775879
20 319.47643280029297 386.9669723510742
188
0 256.594181060791 496.9984245300293
8 283.21245193481445 316.9686985015869
12 298.39385986328125 340.2524757385254
16 318.08189392089844 376.3737487792969
20 341.4664077758789 394.8208808898926
189
0 258.6406707763672 513.0697631835938
8 263.189697265625 321.0618495941162
12 279.0721321105957 349.4834232330322
16 302.775821685791 378.2493209838867
20 330.79917907714844 399.34221267700195
190
0 337.3746109008789 588.2135581970215
8 225.36239624023438 327.2109317779541
12 233.3128547668457 375.2831268310547
16 256.78844451904297 423.76447677612305
20 276.9019317626953 443.3449172973633
191
0 357.7843475341797 575.5940437316895
8 213.11738967895508 406.6527557373047
12 199.2743682861328 402.36353874206543
16 219.1767692565918 407.7543354034424
20 241.23767852783203 415.7346439361572
192
0 385.03894805908203 487.4118232727051
8 218.19622039794922 410.615873336792
12 239.8822021484375 372.8491401672363
16 265.6404495239258 322.60414123535156
20 281.82769775390625 288.64319801330566
193
0 369.5835876464844 508.0430603027344
8 277.29833602905273 313.04454803466797
12 248.41991424560547 345.3742790222168
16 230.9687614440918 378.80833625793457
20 229.41350936889648 425.54128646850586
194
0 374.117431640625 519.9822807312012
8 303.99383544921875 339.6357536315918
12 274.5758247375488 355.3502082824707
16 242.38439559936523 379.7610282897949
20 215.51982879638672 413.741397857666
195
0 348.4114456176758 537.8312301635742
8 352.0030975341797 371.2865352630615
12 313.8064765930176 371.90900802612305
16 278.875732421875 380.93493461608887
20 243.97430419921875 401.95183753967285
196
0 353.2538604736328 523.7854957580566
8 401.88175201416016 358.20018768310547
12 360.7872772216797 355.8512020111084
16 319.15836334228516 357.75309562683105
20 280.83703994750977 373.22178840637207
197
0 356.99745178222656 518.580493927002
8 430.91434478759766 327.046422958374
12 390.48301696777344 331.8508243560791
16 346.78001403808594 332.93798446655273
20 305.9392738342285 348.45359802246094
198
0 326.3988494873047 518.0777549743652
8 440.7764434814453 337.08603858947754
12 397.55096435546875 332.74569511413574
16 355.0087356567383 329.4915962219238
20 312.2885513305664 344.3873691558838
199
0 303.106746673584 517.4005508422852
8 392.21607208251953 316.8735980987549
12 351.57676696777344 316.47817611694336
16 309.5902633666992 324.70407485961914
20 268.72825622558594 347.1523189544678
200
0 356.21028900146484 450.2116584777832
