[array([[-0.45129481],
       [-2.82225937],
       [ 0.20545666],
       [ 1.18360917],
       [-1.26697232],
       [ 1.41426903],
       [-0.88147628],
       [ 0.91758774],
       [-0.78124234],
       [ 1.73797216],
       [-0.57762455],
       [-1.01079601],
       [ 0.47948322],
       [ 0.88282567],
       [ 1.49038702],
       [ 1.77862697],
       [ 0.36244692],
       [ 2.11595879],
       [-2.89455875],
       [ 1.95312382],
       [ 0.35179706],
       [-2.88191028],
       [ 0.16016092],
       [ 0.41798164],
       [-1.09326048],
       [-0.12821442],
       [ 0.94854331],
       [ 0.41343487],
       [ 2.25184692],
       [-0.34715506],
       [-0.15592665],
       [ 1.60595096],
       [ 0.39981788],
       [-0.12967748],
       [-0.40190766],
       [-0.66652244],
       [ 1.60999912],
       [ 1.9798536 ],
       [-0.70506581],
       [-1.032129  ],
       [-2.68002088],
       [-0.34687788],
       [ 0.87132435],
       [-0.44004943],
       [-1.60332079],
       [-0.54260722],
       [-2.18636227],
       [ 0.5558001 ],
       [ 1.75946518],
       [ 1.18350943]]), array([[-0.44582425],
       [ 1.69640186],
       [ 0.29917012],
       [ 1.18300997],
       [-0.06805158],
       [-0.84126988],
       [ 0.94239758],
       [-0.22821528],
       [ 1.07638474],
       [-0.0316372 ]]), array([[ 0.8829498 ],
       [-1.39203287],
       [-1.25843045]])]
[array([[-0.12518935, -0.93946965, -0.91971742, -1.7130303 ],
       [-1.51801146,  0.4307404 ,  2.31084301,  1.64259603],
       [-1.21373523, -1.28648267, -1.51043299, -0.46501832],
       [-2.39000369, -0.74964882, -0.65813356,  1.83034607],
       [-0.79426803, -1.03159029, -0.57413279, -0.91817397],
       [ 1.37443159, -2.30054921, -1.36441509,  0.63372809],
       [-1.8846783 ,  0.29341271, -0.51367731,  2.59829338],
       [ 0.91852577, -1.35470834,  0.30933519,  1.70644441],
       [ 0.42752675, -1.0315707 , -1.26108695, -0.50433743],
       [-1.85894359, -2.90789802,  3.24095735,  2.50689836],
       [ 2.54847546, -0.06535563, -4.24051548,  0.01271202],
       [-0.11825244, -0.10417367, -0.94898377, -1.08895179],
       [-0.19389666, -0.39471189, -0.63663587, -0.31169672],
       [-0.84038504, -1.7363602 , -0.6848464 ,  0.06923688],
       [ 3.3293355 , -1.58056104, -2.1312687 , -0.820593  ],
       [-0.15284686, -0.98859749, -0.98443506, -0.40806533],
       [ 0.11978283, -0.36977859,  0.04037325, -1.65522438],
       [-0.24041414, -2.77871355, -0.14628076,  1.2814681 ],
       [ 1.64362854,  1.93696956, -0.99198361, -0.85414433],
       [-1.16588175, -1.71962643, -0.09105431,  0.6292351 ],
       [-0.19020554,  1.01786817,  0.5626674 , -1.06474817],
       [ 2.3521696 ,  0.62819605,  0.99544901, -1.09923593],
       [ 1.15470778, -0.65446559, -1.79100277,  0.2653882 ],
       [-0.38631191,  1.56280583, -0.28211019, -2.51933037],
       [-1.22764696, -0.77388345,  1.93689851,  1.71517034],
       [-0.75589278, -1.55444882, -0.67151784, -0.56297206],
       [-1.56926396, -0.15422456, -0.74278505,  0.26771389],
       [ 0.5657643 ,  0.51122918, -1.71723569, -0.73887115],
       [-0.53968773, -0.9987004 , -1.58813072,  0.25207718],
       [ 0.59756578, -1.13845526, -0.66056256,  0.18200991],
       [-0.60786183, -0.2433883 , -1.41853183, -0.24697247],
       [ 0.39691855, -1.35904162, -1.23309426, -0.558255  ],
       [-0.06071257, -0.85738261, -1.12422657,  0.35691428],
       [-1.63760923,  0.37019328, -0.40116452, -0.09689487],
       [-0.17281613,  0.13875354, -0.58098657, -1.26867627],
       [-1.01444187, -0.71738417, -1.26012357,  1.14518681],
       [-0.83597151, -0.24835993, -0.59180337, -0.74391501],
       [ 1.3779402 ,  0.34708015,  1.89086238,  0.56328881],
       [-0.18017   , -0.0612966 , -0.042732  , -1.17717982],
       [-0.27738069, -0.50571826, -0.26131659, -2.28804231],
       [ 0.5354558 ,  1.72708439, -0.71155399,  1.44116714],
       [ 0.92313298,  1.61807377, -1.89158115,  0.2618026 ],
       [ 2.01977668,  0.95510188,  0.10750198,  0.32161094],
       [ 0.12087102,  0.69086638,  0.13318167, -0.5828983 ],
       [ 0.21078854,  1.254606  , -0.12654234,  0.49474343],
       [-1.36250944, -0.70034431,  1.71518656,  1.63273643],
       [ 0.17755429, -1.45218359,  2.39979818,  1.57538326],
       [ 0.09181536, -0.39408668, -0.68948273, -0.48214176],
       [-0.88215137, -1.45444798,  0.52833694, -0.96923316],
       [ 0.01656279, -0.6200128 ,  0.44230403, -2.02599948]]), array([[-7.61491399e-01, -1.65925501e+00, -6.75679502e-01,
        -1.06077097e+00, -1.13676702e+00,  1.45541525e+00,
        -9.36799910e-01,  5.97316175e-02, -7.10842581e-01,
        -3.50175507e+00,  5.98738748e-01, -1.37014387e+00,
        -9.65598730e-01,  1.62009188e+00, -4.38817472e-01,
        -9.07457511e-01,  7.32764973e-01, -2.84672511e+00,
         1.54992622e+00, -1.09624231e+00,  2.77558687e-01,
         1.32731456e+00,  7.70237264e-01,  1.49314346e+00,
        -1.40603010e+00,  2.34725322e+00, -1.28413623e+00,
         7.84317612e-01,  1.66420864e-01,  8.20057377e-01,
        -1.33724355e-01, -1.03912977e+00, -2.83567047e-02,
        -2.12649054e-01, -4.87851798e-01, -8.44358530e-02,
         2.75667187e-01, -2.67855465e-01, -4.00676781e-01,
        -6.35954143e-01,  5.81009647e-01,  7.37229377e-02,
         7.15012156e-01,  9.96795583e-01, -4.46020556e-01,
        -5.00943979e-01,  2.46067169e-01,  1.81095782e-01,
        -1.09693245e+00,  8.70023693e-01],
       [ 1.31494652e+00,  2.50830596e+00,  1.19079480e+00,
        -7.03596333e-01, -7.26099392e-03, -8.55549122e-01,
         6.20295265e-01, -4.69707483e-02,  1.75201511e-01,
         5.05915660e-01, -5.98550063e-01,  4.07232901e-01,
        -1.13496436e-02,  1.43041530e+00, -1.71142436e+00,
        -1.72105062e+00, -7.47256957e-01, -8.50424226e-01,
         7.03455984e-02,  3.61708177e-03, -1.52963383e+00,
         1.72071986e-02, -7.13621670e-01, -7.58249160e-01,
         1.77691243e+00,  2.61472895e-01, -1.09005422e+00,
        -1.46787781e+00, -4.33674866e+00, -1.28571602e+00,
        -1.24312808e+00, -1.58552887e+00, -2.26976149e+00,
        -1.20344042e+00, -2.31183937e+00, -7.97013093e-01,
        -1.60145846e-01, -4.75519579e-01,  5.11990658e-02,
        -1.12115282e-01,  2.17544244e+00, -1.12053437e+00,
        -2.82923378e-01, -1.59147816e-01, -5.11543104e-01,
         7.50780950e-01,  1.98168212e+00, -1.30850138e+00,
        -1.23735397e+00, -7.55468703e-01],
       [-5.88446199e-01, -1.29397569e+00,  1.15973260e-01,
        -1.97318645e-01, -8.20038547e-01, -1.81958027e+00,
        -1.36557421e+00, -3.24178912e-01,  6.29156621e-01,
        -2.29698214e+00,  2.65380837e-01, -5.54770519e-01,
         6.29664453e-01,  1.95491384e+00,  2.37974954e-01,
         7.12407781e-01,  4.60114360e-01, -8.93222205e-01,
         2.34574849e+00,  3.37868191e-01,  5.46284281e-01,
        -3.28791183e-01, -4.70467657e-02,  1.59246643e+00,
        -1.45383472e+00,  1.40951407e+00, -3.97563007e-01,
         5.82935776e-01, -4.94818064e-01,  9.50209980e-01,
        -9.06110002e-01,  1.85619799e-01, -6.11355022e-01,
        -1.22440690e+00,  1.25189463e+00, -2.26360702e-01,
         9.59586464e-01,  3.33400495e-01,  3.71778855e-01,
         2.14408641e-01,  4.93097212e-01, -5.36655105e-01,
         2.34390529e-02, -3.26804582e-01,  1.81001417e+00,
        -1.37540163e+00, -2.97440352e+00, -6.82960904e-01,
         8.98320932e-01, -1.21945858e-01],
       [ 4.09429167e-01, -4.49750926e-03,  6.41719552e-02,
        -1.31373992e+00,  1.75158949e+00, -1.58406964e+00,
         4.18664901e-01,  2.71727396e-01,  2.09256642e-02,
        -1.20961722e+00, -9.63062105e-01,  5.79550139e-01,
         1.45140723e+00,  3.72023415e-01,  1.07461448e+00,
         1.33545550e+00,  7.22767315e-01,  1.32655555e+00,
        -6.43850483e-01, -8.28584799e-02, -2.36134798e-01,
         4.88065072e-01,  1.65891628e+00, -8.44787005e-01,
         1.40851366e-02,  5.56904226e-01, -4.49462211e-01,
        -6.98436536e-01, -1.42021365e+00, -2.40064211e+00,
         1.82891131e-01,  9.87825253e-01, -6.23808114e-01,
         3.67970830e-01, -4.11846518e-01, -1.29938266e+00,
        -1.26653623e+00,  3.43269823e-02,  1.43624267e-01,
        -1.64034816e+00,  1.40589615e+00,  2.16039713e+00,
         2.20646646e+00, -3.33265942e-01,  2.64155976e-01,
         3.24167713e-01, -1.09906492e+00, -4.09752941e-01,
        -1.66496947e+00, -4.21315519e-01],
       [-8.76440577e-01, -1.41354887e+00,  1.30560881e+00,
         8.32752709e-01, -1.66439626e+00,  2.73097906e-01,
        -8.00593055e-02,  4.40503711e-01,  8.83170022e-01,
         1.88464066e+00, -5.08023691e-01,  7.20446679e-02,
         4.67970152e-01,  1.13210418e+00,  2.35250219e-01,
         1.59740539e+00, -3.64256201e-01,  2.08064807e+00,
         1.08247937e+00, -2.85909396e-02, -1.60877163e+00,
        -1.06740659e+00,  1.85252772e+00, -5.03002580e-01,
        -5.64637430e-01, -9.59926832e-02,  1.79577319e+00,
        -1.42263927e-01,  2.47439146e+00, -1.00844349e+00,
         9.01892200e-01,  1.61704624e+00,  7.37346604e-01,
        -1.49829914e+00,  5.62380533e-01,  7.42158846e-01,
         2.06807172e+00,  6.14331565e-01,  1.14377361e+00,
        -1.70668028e+00, -6.31937535e-01,  8.05170085e-01,
         6.34529355e-02, -4.51163240e-01, -2.45738443e+00,
        -3.08182612e-01, -5.21135133e-01, -1.10663437e+00,
         9.99616850e-01, -4.51649564e-01],
       [ 3.91225600e-01,  5.63721196e-01,  6.28426024e-01,
        -1.47010900e+00,  2.09829847e+00, -6.59865395e-02,
        -5.77566494e-01, -7.34945173e-01, -1.63702491e-01,
        -1.27228880e+00,  1.55354138e+00,  7.55203821e-01,
         6.34656326e-01, -1.51245918e+00,  1.10753231e-01,
         1.99999721e-01, -1.44881806e+00, -9.56699603e-01,
         1.35468237e+00, -3.66814270e+00,  1.54730188e+00,
         2.18527676e+00, -2.82740779e-01, -2.78932669e-01,
         2.08889260e-01, -1.37354901e+00,  8.33861584e-01,
        -7.29445962e-01,  1.09149441e-01, -5.05040804e-01,
        -1.47939418e+00, -4.18811002e-01, -1.17505986e+00,
         2.39283597e-01, -1.28089518e+00, -2.58695115e-01,
        -9.90158975e-01, -9.86299659e-01,  4.41637011e-02,
         4.78543556e-01,  1.89583939e+00,  2.00090859e+00,
        -8.88083603e-02,  7.69883045e-03,  1.10945930e+00,
        -1.11784467e+00,  1.22093184e+00, -9.16886561e-01,
        -1.54652199e+00, -1.67231044e+00],
       [ 6.80197318e-03,  2.79573701e-01, -8.65604513e-01,
        -1.25716340e+00, -5.04015975e-01,  1.81239496e+00,
         4.63579630e-01,  4.90088771e-01, -1.11338601e+00,
        -1.26421940e-01,  1.39409247e+00,  1.34068042e+00,
        -3.33216141e-01, -2.00446643e+00,  3.84791424e-01,
        -4.37501525e-02, -9.12675787e-01, -5.69226482e-01,
         5.91670742e-01,  1.44826167e-01, -2.91018365e-01,
         1.18265177e+00, -2.39950503e-01,  4.54411108e-02,
        -2.21850890e-01,  8.52072351e-01,  7.29826827e-02,
         3.71796368e-01,  9.18759698e-01, -5.91448023e-01,
         1.71128657e+00, -3.10444078e-02,  8.27902876e-02,
        -1.18968737e+00,  2.69715756e+00,  4.16661671e-01,
         7.92904639e-01, -6.80591079e-01, -1.31308471e+00,
         3.07820832e-01, -7.99551752e-01, -5.01497731e-01,
         6.05570520e-01, -4.39353425e-01,  2.60153877e+00,
         8.22934150e-01,  9.77500523e-01,  2.91722648e+00,
         9.11405336e-01,  1.05506236e+00],
       [-2.23149179e-02,  7.15119986e-01, -1.34692951e-01,
         3.22862747e-01, -7.92083380e-01,  2.39881486e+00,
        -2.49900374e-01,  3.07233915e-01, -4.71814704e-02,
        -1.03052405e+00,  4.20735058e-01,  1.49025031e+00,
         1.06351051e+00, -3.17648140e-01,  1.05655667e+00,
         8.99706818e-01,  6.65698043e-01, -2.27659292e-01,
        -3.82126690e-02, -9.99366057e-01,  4.06918009e-01,
        -1.22247603e+00,  1.03613562e+00,  3.91919669e-01,
        -2.92028902e+00,  7.65288197e-01,  1.59050736e+00,
         5.30646714e-01, -9.78458671e-02,  3.20748999e-01,
        -4.31388071e-01, -3.01945970e-01,  1.61181522e+00,
         9.80209698e-01,  1.24186886e-01, -9.03013289e-01,
         6.91468969e-02,  7.59218801e-01,  9.26327690e-01,
         3.37325886e-01,  3.91246127e-01,  3.94070153e-01,
         1.53110822e+00, -3.89064760e-02, -4.32105683e-01,
        -1.21156252e+00, -2.07622990e+00,  3.55647732e-01,
         2.10439649e+00, -6.82627269e-01],
       [-6.77299552e-02, -4.91825425e-01, -2.14580008e+00,
        -4.80698030e-01,  4.18118803e-01,  9.39696288e-01,
         9.74290701e-02,  1.62395262e-02,  4.05854567e-01,
         2.63461752e+00, -1.38287472e+00, -2.12926487e-01,
        -3.02129126e-02,  3.46985425e-01,  6.75445179e-01,
         6.69834482e-02, -2.03901397e-01,  3.50967044e-01,
        -1.66955954e+00, -2.18006490e-03, -1.63376384e+00,
        -8.13183884e-04, -5.22770543e-01,  3.92512423e-01,
        -2.80863158e-01, -1.10829001e-01,  5.40441662e-01,
        -1.08518385e+00,  1.14494939e+00,  1.51834305e+00,
         3.07377922e-01,  2.85266124e-01, -3.48027250e-01,
         1.74725694e+00, -2.17454935e-01, -6.53232783e-01,
        -8.01598157e-01, -9.09570224e-02, -6.15380974e-01,
         9.02908350e-01, -1.90622088e+00,  1.87029824e-01,
        -6.65543841e-01, -1.23735833e-01,  4.35661009e-01,
         2.22686531e+00,  9.02385277e-01, -9.24229513e-02,
         2.19689637e-01,  3.93065780e-01],
       [-1.35647932e+00,  1.33199618e+00,  2.21851787e+00,
         6.30191124e-01, -6.84014827e-01, -2.09463627e+00,
         7.84912725e-02, -7.22104461e-02,  1.04530044e+00,
        -5.32785644e-01, -5.28152922e-01, -3.58927849e+00,
        -1.87694003e+00, -8.25928089e-01,  1.54205085e+00,
        -1.51352722e+00, -9.89920796e-01, -3.92984941e-01,
         2.29436967e+00, -1.23356766e+00, -9.46212427e-02,
        -2.08274285e-01,  1.05393647e+00, -7.33802694e-01,
        -1.74021439e+00, -1.54868252e-01, -4.45969624e-01,
        -2.02103886e-02, -3.53484360e-01, -5.33624429e-01,
        -1.53242015e+00, -1.40074003e+00,  6.49313911e-01,
        -2.31392203e+00, -2.82447804e-01,  1.48501648e-01,
         3.43517543e-01,  3.59449647e-02, -1.82862757e+00,
         8.78929677e-01, -9.15453476e-01,  3.17029710e+00,
        -1.32253829e+00,  1.16725996e+00,  3.91214159e-01,
         1.35142422e+00, -6.51708014e-01,  3.20060673e-01,
        -8.90858548e-01, -4.97082041e-02]]), array([[-2.14136269, -3.64197631, -2.13548735,  0.60451784,  1.83079016,
        -3.09605088, -0.32991053,  0.80953844,  2.21334506, -0.94725802],
       [-2.61537711,  2.6177399 , -2.94557276, -0.32096348, -2.21139062,
         1.69988851, -0.15282522, -2.49080336,  1.28022005,  1.68561419],
       [ 3.80034244, -2.53952051,  2.66840386, -0.52058171, -1.72005261,
         1.1053107 , -0.71689756,  0.59063841, -2.14850334,  0.90784806]])]