[array([[ 2.86866932],
       [-0.39314423],
       [ 0.90546557],
       [-2.15249559],
       [ 1.01044212],
       [-1.28467731],
       [-1.50188473],
       [ 0.366411  ],
       [ 0.41415593],
       [ 0.27464364],
       [-0.06858891],
       [ 3.08869016],
       [ 0.27714419],
       [ 0.58283372],
       [-1.09493064],
       [-1.69525085],
       [-0.41333264],
       [-2.09452693],
       [-2.25701952],
       [-0.98617903],
       [ 0.99520654],
       [-1.36573864],
       [-1.22524253],
       [-0.49218387],
       [-1.31205114],
       [ 0.17779508],
       [ 1.23702162],
       [-1.65453584],
       [-0.84281604],
       [-1.53434816],
       [-1.00263035],
       [ 0.13589404],
       [-0.5914796 ],
       [ 0.26316847],
       [-1.88499366],
       [ 1.04570075],
       [ 1.38144325],
       [ 1.60699671],
       [-0.02908037],
       [ 1.91601008],
       [ 3.62103825],
       [ 1.26989066],
       [ 1.54908888],
       [-1.0168089 ],
       [-2.28931546],
       [ 0.3352896 ],
       [ 0.77430401],
       [-2.62088852],
       [ 1.29928261],
       [ 1.16838761]]), array([[ 0.59933196],
       [-2.46467158],
       [ 0.9957768 ],
       [-0.86324521],
       [-0.58987308],
       [-1.9032594 ],
       [ 1.20068341],
       [-2.53761955],
       [ 0.71658585],
       [-1.59493061]]), array([[ 1.14894573],
       [-1.94303408],
       [-0.43703533]])]
[array([[-1.02020569e+00, -1.72197548e+00, -4.58064920e-01,
        -2.24844673e-01],
       [ 1.18387316e+00, -7.35502870e-01, -2.16131969e+00,
        -3.15106248e-01],
       [-5.28735577e-01,  1.45549026e+00,  8.91684243e-01,
         1.10962854e+00],
       [ 1.26247653e+00,  9.90997521e-01, -5.97217949e-01,
         1.22581129e+00],
       [ 8.76717585e-01, -5.06986197e-01,  1.18074489e+00,
         3.82604324e-03],
       [-5.43689746e-01, -3.66088814e-01, -7.07564580e-01,
         5.15027981e-01],
       [-2.22108701e-01,  2.83239800e+00, -1.22415802e-01,
        -2.11206618e+00],
       [-1.90223666e+00, -1.10909482e+00,  2.85442681e+00,
         1.20970180e+00],
       [ 5.81633010e-01,  3.13108453e-01, -6.26835673e-01,
        -1.90392581e+00],
       [-3.82741342e-01, -2.29472885e+00, -1.34637013e+00,
         3.98245898e-01],
       [-1.56112024e+00, -1.25104192e+00,  1.76609538e+00,
         2.39102136e+00],
       [-1.05177113e-01, -2.43975632e+00,  3.69576739e-01,
        -1.43894007e+00],
       [-4.63611188e-01, -6.14702184e-01,  1.77764337e-01,
         4.94036767e-01],
       [ 1.09123239e-01, -1.88415722e+00,  2.75142540e-01,
        -5.93293414e-01],
       [-1.96043222e+00, -1.41174416e+00, -6.03950237e-01,
         1.56315128e-01],
       [ 7.31618171e-01,  1.77582679e+00,  1.41531019e-01,
        -8.78967843e-01],
       [-2.78010365e-01, -8.84248926e-01,  1.09604127e+00,
         3.28193056e-01],
       [-1.50002273e+00,  6.17193503e-01,  2.83842435e+00,
         3.85751580e-02],
       [ 1.23065966e+00,  4.20115134e-01,  4.99050339e-01,
        -1.01738690e-01],
       [-7.98226321e-01,  1.17526979e-01, -9.87979059e-02,
         3.48825537e-01],
       [ 8.59065925e-01, -3.12705148e-01,  1.59415927e+00,
         6.26445602e-01],
       [-6.98385892e-01, -1.03836969e+00, -6.25863543e-01,
         4.71116434e-01],
       [-2.17136837e+00,  3.60716705e-01,  3.71419782e-01,
         2.32967421e-01],
       [-3.85853258e-01, -2.68096658e+00,  4.45556542e-01,
        -6.34078444e-02],
       [-2.59140646e+00,  2.31858518e-02, -1.46293870e+00,
         3.92431637e-02],
       [-1.97434273e+00, -4.70039004e-01, -3.51025692e-01,
        -1.23955490e+00],
       [-5.30032425e-01, -4.53130918e-01, -1.56081237e+00,
         4.62859332e-01],
       [-6.05024683e-02,  9.92333755e-01, -7.74118605e-01,
         2.05680269e+00],
       [ 7.53767331e-01, -1.55460980e+00,  1.17990832e+00,
        -6.59678159e-01],
       [ 1.38080962e+00, -2.21440491e+00, -7.81932835e-01,
         9.19508610e-01],
       [-4.28102638e-01, -4.33164765e-02,  4.99825761e-01,
         1.27591596e+00],
       [-1.83822564e+00, -2.20372444e+00,  1.77201423e+00,
         4.14074011e+00],
       [-1.38923310e+00,  2.91587656e-01, -1.21497606e+00,
         1.00394716e+00],
       [-4.18595844e-01, -1.43985138e+00, -1.63464154e-01,
         7.06215651e-01],
       [-1.77114602e+00,  2.25283046e+00,  5.70804504e-01,
         1.16083488e+00],
       [-1.07765096e+00,  1.10861489e+00,  1.57772655e+00,
         1.47351493e+00],
       [-1.86950932e+00, -5.61174765e-01, -1.36882502e+00,
         1.27034555e+00],
       [ 1.97727330e+00,  6.38591324e-01, -3.78908338e+00,
        -1.18678414e+00],
       [ 8.20213350e-03,  7.29776645e-01,  3.72033593e-01,
        -1.66186862e+00],
       [ 8.95113072e-01, -1.79943010e+00, -3.38089167e-01,
        -1.35370042e+00],
       [ 2.18559383e-02, -4.02250926e+00,  6.26533966e-01,
        -2.52423996e-01],
       [-4.53941008e-01,  6.69386035e-01, -1.20093435e+00,
        -1.29400991e+00],
       [-8.01836941e-01,  1.86848651e+00, -6.27226847e-01,
         2.54598220e-01],
       [ 2.63649929e-01,  1.50283683e+00, -1.65491614e+00,
         1.54589497e+00],
       [-3.85754678e-01,  2.21384531e+00,  1.14073765e+00,
        -3.83611703e-01],
       [ 1.05517113e+00, -2.63618023e-01,  2.91435907e+00,
         6.74174776e-01],
       [-1.77084620e+00, -1.37998331e+00, -1.34568496e+00,
        -1.50804000e+00],
       [ 4.61937202e-01,  2.94824623e+00, -8.44497434e-01,
         5.15874088e-01],
       [-9.80698966e-01, -2.20010548e+00,  1.80395052e+00,
         1.93556524e+00],
       [-1.81592607e+00, -4.85264844e-01,  4.28608657e-01,
        -7.12091847e-01]]), array([[ 1.25047969,  0.17506204, -0.45358287,  0.1164571 , -0.25220906,
        -0.78349179, -0.53277263,  0.20551764,  0.96200917, -0.91138136,
         0.48764841, -0.2223329 ,  0.06545674,  0.54636897,  0.2733872 ,
         1.1142132 ,  0.71457647,  1.23179386,  0.43101864, -0.06664555,
        -1.04220326,  0.1088977 , -2.64434422, -0.8698384 , -0.04592213,
         0.03340694,  0.94073323, -0.51528544,  0.73265097, -0.03016488,
        -1.21311027,  1.28857662,  0.76879807,  0.13623833, -0.12628442,
         0.64289854, -0.91490547, -1.13882   , -0.48843509, -1.30942003,
         1.86948918,  0.17447133,  1.51623324, -0.73742561,  0.05173548,
        -2.06968678, -1.70215349, -0.2390849 ,  0.52932324,  0.12609923],
       [-0.01967346, -1.46358452, -1.21126605,  0.96653579, -0.45739681,
        -1.39233265, -1.05100968,  2.79973949, -1.96098245, -1.51893474,
         2.0032739 , -2.13121713, -0.15200448, -1.70931356, -0.4294991 ,
         0.01252765,  0.76254912,  0.48585563,  0.61240487, -0.05240294,
        -1.95665421, -1.54540395,  0.60689244,  0.51109191,  1.6247828 ,
        -0.12898026, -1.83174095,  0.45818004,  0.48970692, -1.65911023,
         0.96520542,  1.40801297, -0.1606523 , -0.46491995,  0.92067174,
        -0.97259481, -1.91016017, -1.78383352, -0.86228121, -0.74789787,
        -1.03926995, -2.08533806, -0.40503302,  1.21907319,  1.05010533,
        -1.34422367,  0.71826155,  2.12366834,  1.88776432, -0.25106476],
       [-0.50907091, -0.02017068, -0.28953532,  0.97205362, -0.06620779,
         0.08286994,  1.44868628, -1.25344689,  0.64292277, -1.56705209,
        -1.54497584, -0.39943806,  0.88819555, -0.98445983, -0.61963178,
         1.47348971, -0.02345541, -0.97430119,  0.37313385, -1.27651634,
        -1.3332402 ,  1.10532463,  1.23319564, -0.41145482, -1.63143634,
        -0.49089261, -1.02947832, -1.16938255,  0.12564385, -0.46297204,
        -0.32404103, -3.09255413, -1.42137864, -0.2152579 , -0.91330423,
         1.05880967, -0.5489592 ,  2.2250667 , -1.20128263, -0.51113927,
         0.85585706,  0.59761481,  0.33417438, -0.07620002,  0.91044199,
        -1.49855079,  0.23871046,  1.67304996, -1.64799838,  0.47852055],
       [-1.93700895, -0.28566704,  1.26783801,  0.22896928, -0.32374517,
        -0.74449704, -0.34154032,  1.43207518, -1.68418853, -0.88321082,
         1.03304671, -0.12374302, -1.09660995, -0.51315252,  1.87435198,
        -2.33860358,  0.0124538 , -0.33605127,  1.74363976,  0.30820297,
        -0.31472565,  0.91717666, -0.17545485, -0.80399991, -0.7105267 ,
        -0.38741849, -0.542552  , -1.51652816,  0.18715024, -0.12845829,
        -1.07652065, -0.33858658, -0.35052013, -0.12880349, -0.63706103,
        -0.33448044, -0.41782213,  0.26589834,  0.21502724, -0.74086728,
         0.92362186, -0.26371532,  1.40719419, -1.06248927, -0.41068844,
        -1.67020209, -1.81781641,  0.36815361,  0.03279613, -0.70014787],
       [ 2.57094153, -0.17909764, -0.08361804, -0.96655208,  0.40641559,
         0.28237593, -2.87050769, -0.15327681,  0.16182395, -1.01741726,
         0.18136452,  1.79105071,  0.13613414,  1.55377178, -0.77645397,
        -1.02357023,  0.60851309, -0.76362679, -0.76429977,  0.26685499,
        -0.53438008, -0.91474479, -0.90328342,  0.29676569, -0.59345422,
        -1.1050989 ,  0.65276103, -1.22523295,  0.93794347, -1.34822821,
        -0.77288432,  1.27454413,  1.22875806,  0.62363428, -1.89653992,
         0.06529211,  1.24579335,  1.94775234, -2.10957074,  1.12612941,
         3.16145476,  0.26300219,  1.05319273, -0.09450216, -1.92382332,
         0.50792857,  0.92279285, -1.43667612,  1.51457589,  0.80911306],
       [-1.69844083,  0.39687382,  0.54301428,  0.95686132, -0.31822103,
         1.1138867 , -0.19825904, -1.21249518,  0.22108191, -0.11375672,
         0.84490356,  0.2174417 ,  1.00623988, -1.4122624 ,  1.15782886,
         2.10802044,  0.67964849,  2.0708623 , -1.07260873, -0.69285922,
         0.1620824 , -0.53849582, -0.58047698,  0.14246663,  2.6059153 ,
        -0.97956909, -0.16275161,  1.49739776,  0.41252275, -0.7796891 ,
         0.6832488 ,  1.93506906, -0.54929124,  0.29764331,  0.54342377,
        -0.76279216, -1.72237256, -3.03430739, -1.54623916, -1.70851789,
        -0.50881074, -0.70202807, -0.81777088, -1.16280437,  1.21379303,
        -1.61405582, -0.93030774,  1.06688728,  0.09956302, -0.34666878],
       [-1.09690991,  0.680341  ,  0.22190721,  1.72498028, -0.40432315,
         1.37697408,  0.95965636, -1.34311656,  0.59595787,  0.1005387 ,
        -1.51393397, -1.75258767, -0.93666662, -2.03375099,  0.76794833,
        -0.44117485, -0.23829346,  2.19262551,  1.70984403,  1.90158827,
        -1.09662764,  2.11870082, -1.3474617 ,  0.69799449,  0.36512183,
         1.15025845,  0.03013723, -0.69398472, -0.5243842 , -0.76580535,
        -0.55239449, -0.8559291 ,  0.27199052, -2.08507938,  1.8433384 ,
        -0.62300462, -0.84832782,  1.74975095,  0.17333488, -1.06703161,
        -0.82374281, -0.64651212, -0.1917606 ,  0.5672091 ,  1.01766763,
         1.22690343,  0.51439906,  1.33533888, -2.33221826, -2.18315858],
       [ 0.34598332, -0.28644609,  0.9065029 ,  1.03177946, -1.51041375,
         0.54372909, -0.00563446, -2.2879314 ,  1.3823124 , -0.02499547,
        -0.39305194,  2.01809445, -1.32629999, -1.13224309, -0.80611351,
         1.31910308,  0.27769946,  0.23523088, -0.26554367, -0.09378586,
         1.11183793, -0.1782587 , -0.17286695,  0.55401483,  0.92053816,
         0.499941  ,  0.3655252 ,  0.02691118,  0.12273485, -0.11724338,
         0.37562431, -0.18013746,  0.3042324 ,  0.10399937, -1.68883231,
        -0.51559591, -0.7046946 ,  0.82974136, -0.22547083,  1.3816778 ,
        -0.86714559, -0.27095395,  1.30665868,  1.13734827,  0.46214837,
        -0.5608158 , -0.42492048,  0.14314032, -0.92664032,  1.81284971],
       [-0.86679723, -0.28609689,  0.15499214, -0.429929  , -1.2469761 ,
         0.21282439, -0.87517949, -0.15116249,  0.32260022, -0.06116513,
         1.58384216, -0.09352269,  1.31744796,  0.01965251,  0.15384034,
        -0.57255753, -1.48039728,  1.69907895, -1.26893487,  1.489821  ,
        -2.48108766,  0.76289759,  1.36145715, -1.04083947,  1.57819935,
         0.61250756,  0.03098164,  1.11072836, -0.28611198, -0.64987554,
        -0.35819321,  0.07180606,  0.12369232,  0.58837745,  0.71080563,
        -0.86327749, -1.28639862,  0.39716259,  0.2328545 , -1.34969487,
        -0.85381386, -1.84768614, -0.13479688, -2.33246869,  0.33260096,
         1.05937225, -0.38901791,  0.77828131,  0.01242802, -1.47516407],
       [ 0.55800657,  1.0769824 , -2.11071519, -0.35794409, -1.93712365,
        -0.91507256,  0.4429166 ,  0.63192422, -0.88426494,  0.53507412,
         1.98330955,  0.2777624 , -0.26019348, -0.80209341, -1.38921323,
        -1.79604347,  0.34153937, -0.73907473, -0.4206313 , -0.26589994,
         0.77696492,  0.60485353,  0.14552396, -2.10015949, -0.61227904,
         1.75712758,  1.2913878 ,  0.1347159 , -1.71403023, -0.07975615,
         0.06613808, -0.45025624,  0.18991808, -0.83697421,  2.17139161,
        -0.54966398, -0.3361575 ,  0.54437408, -1.50061073, -0.73514633,
        -0.08997928,  1.07944102,  0.60945719,  0.40240649,  0.69712302,
         0.57573823, -0.82988679,  0.07417217, -1.51441544,  1.25728457]]), array([[-0.21228359, -1.92270945, -2.54793594, -0.61503875,  3.68143386,
        -2.11039556, -3.02658931, -0.83654615, -0.87818314, -0.95774609],
       [ 0.23115565,  4.35473449, -1.83321645, -0.49414002, -2.28151946,
         2.01205594,  0.32830228, -2.30917696, -0.18406574,  0.2937368 ],
       [-2.37181774, -3.30239333,  3.46037676,  0.07278279, -2.5696806 ,
        -1.95006075,  2.56554107,  0.28883218,  1.24981441,  0.27511565]])]