[array([[-0.34065442],
       [-1.62438161],
       [-0.99881491],
       [ 0.7013583 ],
       [ 1.21946346],
       [ 0.59750881],
       [ 0.14749589],
       [ 1.90997719],
       [ 1.17998604],
       [ 1.6254346 ],
       [ 0.53174798],
       [ 0.91244221],
       [ 1.37384768],
       [ 1.20566153],
       [ 0.2025342 ],
       [-0.30723233],
       [-0.176322  ],
       [ 1.59528234],
       [ 1.17099902],
       [-0.7754619 ],
       [ 3.94556287],
       [-2.05140844],
       [-1.2840763 ],
       [ 1.41934984],
       [ 1.82831381],
       [ 1.09421567],
       [-0.88650705],
       [ 3.33894867],
       [-0.10365018],
       [-1.08348687],
       [-0.95756027],
       [ 1.07863429],
       [ 1.59916228],
       [ 1.37563076],
       [ 0.29856854],
       [-1.49153896],
       [-1.49302158],
       [-3.56589361],
       [-0.90624338],
       [ 1.29133767],
       [-0.21364755],
       [-1.26760292],
       [-0.7300802 ],
       [ 0.73895227],
       [ 1.18921765],
       [-0.30532237],
       [-1.81582769],
       [ 0.59234191],
       [ 0.71458298],
       [-0.72234305]]), array([[-2.17985158],
       [-0.46350795],
       [-0.28929696],
       [-2.90357301],
       [-0.34630181],
       [ 0.14240812],
       [ 0.64477028],
       [ 0.39882244],
       [ 0.94446774],
       [-0.71712549]]), array([[-0.58456806],
       [-0.36391118],
       [-1.73693218]])]
[array([[-4.06540568e-01, -7.66127509e-01, -4.56549417e-01,
         3.92418590e-01],
       [-1.33208376e+00, -3.00469413e-01,  1.72411892e+00,
         2.25925484e+00],
       [ 6.87155343e-01,  1.89153245e+00,  5.48092993e-01,
         1.73469276e+00],
       [ 5.04745763e-01, -5.38735833e-01, -9.64395902e-01,
        -6.39101963e-01],
       [-1.28399362e-01, -2.49844857e+00,  1.01852687e+00,
         1.23837940e+00],
       [-2.06349395e+00,  2.05781750e+00, -1.52356423e-03,
         8.73651049e-02],
       [ 1.10865210e+00,  5.29784695e-01, -3.48504188e+00,
         7.28543772e-01],
       [ 8.61808061e-01, -5.68343609e-02, -8.68299197e-01,
         1.55481299e+00],
       [ 9.65068616e-01,  2.17218132e+00,  3.99690998e-01,
        -1.31043331e+00],
       [-9.20619519e-01, -2.29048515e+00, -1.25616890e+00,
         2.35556975e+00],
       [-6.99765866e-01,  1.13263995e+00, -1.62915070e+00,
        -3.82383656e-01],
       [ 2.22329722e+00, -6.56090303e-01, -9.59576621e-01,
        -2.59231329e+00],
       [-1.74637254e+00, -5.39030445e-01,  3.85545424e-01,
         9.37099546e-03],
       [ 6.11123711e-01,  2.18498314e+00, -6.93968398e-02,
         3.25257541e-01],
       [-6.95356850e-01,  1.19865692e+00,  6.64696568e-01,
        -1.86566060e-01],
       [ 2.00996468e+00,  4.86373006e-01, -2.04074544e+00,
        -1.54846933e+00],
       [ 1.40270163e+00,  2.40227109e+00, -2.17133736e+00,
        -3.58692896e+00],
       [ 1.42611755e-01,  1.09716818e+00, -5.47928833e-01,
        -2.88952741e-01],
       [ 9.21004714e-01, -8.24404130e-01, -1.51175674e+00,
        -6.29733318e-01],
       [-5.24109385e-01, -1.54336122e+00, -1.44178858e+00,
         1.57651557e-02],
       [-5.95174670e-01, -2.65051962e+00, -5.36952647e-01,
        -2.00359724e-01],
       [-9.04079018e-01, -2.10312037e-01,  2.40111806e+00,
         1.06125047e+00],
       [-1.00288644e+00, -7.11797405e-01,  6.74678765e-01,
        -1.24618075e+00],
       [ 9.13555055e-01, -7.95472269e-01,  5.56435452e-01,
         7.32687551e-01],
       [ 3.26627065e-01,  1.40200373e-01,  1.72377282e-01,
        -6.08552432e-02],
       [ 1.58842146e+00, -1.99035231e+00, -8.91815443e-01,
        -8.83568680e-01],
       [ 1.18661229e+00, -2.64341102e-02,  3.85726102e-01,
        -5.14757146e-01],
       [ 1.53216616e-01,  5.56571349e-01, -2.76667105e+00,
        -1.54981270e+00],
       [-1.28909551e+00, -2.47886562e-01, -8.18736324e-01,
         1.27609691e+00],
       [ 7.36891376e-01,  1.28830231e+00, -1.83670610e+00,
        -5.15454037e-01],
       [-7.82275471e-02,  3.69979908e-01,  9.78646709e-01,
        -5.15506714e-01],
       [-1.33768510e+00, -8.54333156e-01,  2.39369778e-02,
         1.65779758e-01],
       [-2.50631903e-01,  1.68515430e+00,  6.43974617e-01,
        -1.36396093e-01],
       [ 6.61249228e-01, -2.29972138e+00,  7.28688033e-01,
        -1.46511535e+00],
       [ 2.59974831e-01, -9.53160901e-01,  8.12331719e-01,
         8.05820201e-01],
       [ 3.74629902e-01,  1.73184549e+00,  1.45146489e-01,
        -6.62585520e-01],
       [-8.57658169e-01, -3.99958656e-01,  4.70380183e-01,
        -1.25606441e-01],
       [ 1.80403832e-01,  3.96134859e+00,  1.42922040e+00,
        -2.07901683e+00],
       [-1.61373046e+00, -1.17424225e-01, -8.42306802e-01,
         2.77597744e-01],
       [-1.83296234e+00,  2.59505089e-01, -1.38938281e+00,
         8.14371851e-01],
       [-1.82691800e-01, -1.74532114e+00, -1.11416254e+00,
        -2.15127697e-01],
       [ 9.58324425e-01,  7.03168894e-01,  6.19538782e-01,
        -5.62256176e-01],
       [-2.66110993e-01, -1.20132580e-01, -6.42375991e-01,
         8.78592784e-01],
       [-2.96625994e-02,  3.04970440e-01,  3.94183672e-02,
        -2.65274007e-01],
       [-1.53829098e-02, -1.96381787e+00,  5.30841320e-01,
        -3.14922839e-01],
       [-1.52722310e+00, -2.43964462e-01,  1.68870874e+00,
         1.31912082e+00],
       [ 5.73075111e-01,  1.10200513e+00,  5.75052891e-01,
        -3.61225575e-01],
       [ 4.79611928e-01, -8.10404470e-01, -1.36262858e+00,
        -3.29779084e-03],
       [ 1.55550180e+00,  3.01521941e-01, -2.94113154e+00,
        -6.43332365e-01],
       [-9.52787848e-01,  2.21468245e-02,  8.36265805e-02,
        -7.72684530e-02]]), array([[ 0.41231113, -0.95009707,  1.32684676, -0.98206715, -1.5055877 ,
         0.22518598,  1.16686064, -0.37679533, -0.17865009,  0.94641561,
        -0.38233835,  0.80178423, -0.29458818,  0.93047787, -1.13956721,
        -0.05832563,  2.92154938, -0.32929701, -0.11978215, -0.16113576,
        -1.83250423, -1.15429218, -2.0520119 , -1.36801666,  0.72238881,
        -0.2382583 , -1.34483984, -0.59135916, -2.33867122,  0.85612718,
         1.71894278,  0.25998842, -0.1588256 , -1.68886632, -1.91647815,
         3.05333854, -0.19454209,  1.2542193 ,  0.23563048,  0.91830894,
         0.17733426,  0.26706521, -0.69579744, -0.84805851, -0.75798786,
        -1.65352134,  2.18068566,  0.77408269,  2.81274401, -3.80448481],
       [-1.09362272, -0.34106262, -0.86616113,  0.36790677, -2.32415206,
        -0.08259819, -0.61800029, -0.1293867 ,  0.05342497, -2.27551155,
         0.05129742,  0.35745534, -2.19875701, -1.87204199,  0.68079307,
         0.2353771 ,  1.71747452,  1.19647614, -1.08717966, -0.51251236,
        -1.53644799,  1.81720222, -0.58514768, -0.3209662 , -1.42143819,
        -1.28659936,  1.86787643,  1.07330374, -1.17649324,  0.51377412,
        -0.12153859, -0.88700987, -0.34123631, -1.28466829, -0.68040733,
         1.03010853,  1.37041689,  2.51524301,  0.6093922 , -1.37717032,
         0.2970455 ,  2.69589773, -0.05531877,  1.04431257, -1.9395183 ,
         0.43801503,  0.79676587, -0.53178497,  0.91800022,  0.82340067],
       [ 0.33983949, -2.58506071,  1.92433288,  1.13670527, -0.15393966,
        -0.86956753,  1.99220673, -0.16487015, -0.52955699, -0.40127498,
         0.0949696 ,  1.68952984, -1.33784447,  0.27953698, -1.31511116,
         1.35849263,  1.9103881 ,  0.34354719,  0.43590339,  1.01926888,
         3.08958855, -1.84471668, -1.86718287, -0.02449127, -0.2374129 ,
         0.17143307,  0.7416296 ,  2.90900061, -0.73773172,  0.14404741,
        -1.46887729,  1.01248648,  1.46691163,  0.12577856,  0.08026015,
        -0.97286719, -1.23279351, -1.82009436,  0.22065162,  0.03889178,
        -0.85906924,  0.27197224, -0.04082797, -0.88853749, -0.49370052,
         1.09288346, -0.08109932,  1.35343576,  2.10923608,  0.06963912],
       [ 0.970066  ,  2.10849889, -0.55646898, -0.62920132, -0.56814423,
        -0.16562993,  0.80446298,  0.26300404, -0.40990564, -0.50523663,
        -0.34404203, -1.87787496, -1.26448601,  0.91830814, -0.1818682 ,
        -1.51222237, -1.5834318 ,  0.76586526, -1.28295189,  0.83630163,
         0.26904141,  0.02012723,  0.56095544,  0.50101722,  1.28584853,
        -1.59253429,  0.67900423, -2.07346425, -1.54987397, -2.53918975,
        -0.783759  ,  1.52787289,  0.57943622, -1.42147165,  0.71201442,
         0.34359604, -1.3636606 ,  1.72296639,  0.30005057, -1.07721976,
         0.61695002,  0.00996562,  0.7006539 , -1.04713606,  0.12521333,
         2.01321246, -0.14412994, -0.43436902, -0.79919736,  0.13827446],
       [ 1.64276763, -0.32942845, -1.86085934,  1.42760016, -0.28899175,
         0.00576843, -1.53855645, -0.4262636 ,  1.47460263,  0.47778374,
         1.72239006, -0.12583249, -0.69500174, -0.73476113,  0.61567355,
         0.84464752,  1.47624401,  1.48273778, -0.16578465, -0.52752548,
         1.49852026, -0.34960656,  0.02385256, -0.17051847, -0.42139807,
        -0.03520996,  2.18842382,  1.57443513, -0.86753609, -1.57617298,
        -2.09468081,  0.73519839,  0.29190431,  1.05857776,  0.10915491,
         0.42838887,  1.39263274,  0.63656126, -0.30305395, -0.04425377,
         0.60241557, -1.11753451, -0.42029531, -0.01055159,  0.11374789,
        -1.32777434, -0.87839202, -0.28927872,  2.22163495,  0.16915048],
       [-0.08591099, -0.22294316,  0.85107822,  0.26875819,  0.19928674,
        -1.69385039, -1.65573233, -1.10043155,  0.14729182, -0.1406462 ,
        -0.71353576, -1.28689953,  0.09142048,  1.48916613, -0.46218075,
        -2.13455182, -2.90249044,  1.5194641 , -0.14651918,  0.02945785,
         2.37338951,  2.34661667, -0.41756319,  1.62455931, -1.06276923,
        -0.34702462, -0.6539053 , -0.08467948, -1.38289265, -1.64858678,
         0.14565335,  1.1660202 ,  2.43972027,  0.61799956,  0.30330736,
        -0.2801299 ,  0.27169019, -2.01494867, -0.34343799,  0.51324958,
         0.93263731,  0.11648813, -0.75166496, -0.1660082 ,  0.23956972,
         1.71144297, -0.24835339,  0.22713293,  0.63973225,  0.46155942],
       [-0.2213723 ,  0.57704166,  0.55579862,  0.79643511,  0.43489326,
        -0.69130844,  0.82795966, -0.58339606,  0.98001004,  0.78131412,
         0.40864458,  0.27662052, -1.20404678,  1.0980803 ,  0.76216429,
         0.50558687,  0.12610013, -1.10022245, -0.03912746, -0.73435596,
        -2.02959839,  0.89085606, -0.0362164 , -0.2218974 ,  0.29344436,
        -0.99939751,  1.36352907, -0.07919927,  1.77149122,  0.21954145,
         1.59403985, -0.49130122, -0.59951085,  0.82336415, -1.29807943,
        -0.35738253, -0.60497255,  2.30726124, -0.20772196, -0.74414485,
        -0.86649587,  0.28012241,  0.68647502, -1.19890237,  1.19447413,
        -0.33828259,  1.30920488,  0.23082394, -0.02169057, -0.3933054 ],
       [-1.95993566,  0.17340874, -0.33774751,  1.08843123, -0.73170735,
        -2.34054622, -0.10806036,  1.2062112 ,  0.71864354,  2.6432867 ,
        -1.4978617 ,  0.50818779, -0.90837602,  1.26577021, -1.23913783,
         1.46628963,  1.68249865, -1.28960475,  0.5895515 , -0.17725932,
        -1.52060618, -0.36405584,  0.47344624,  0.90407537,  1.08178349,
         2.40351658, -0.15792255, -0.85329572, -1.08283001, -0.7285681 ,
         1.43667196,  0.0921864 , -0.20626836, -0.00949887,  1.43657569,
         1.88044909, -0.94870555, -0.29227415, -0.12017031, -1.19011579,
        -0.75383058, -0.40857753,  0.85590385, -0.69378653,  1.51246019,
        -0.61323372,  2.24371057, -0.51018217, -0.15552227, -0.8194338 ],
       [-0.2933447 ,  0.09053382, -0.05107569, -0.07233702,  1.20501942,
         0.97020039, -1.50081389, -0.4448208 ,  1.01432576, -2.05397338,
         0.73559475, -0.87591838,  0.03314829,  0.34767555,  1.67598745,
        -0.34653525, -1.50506084, -0.2334984 , -1.25849204, -0.00601134,
        -0.75460029, -0.05297807,  0.8755663 , -0.33250858, -0.6091362 ,
        -2.12191337,  0.76371453, -2.35492592, -0.41375005,  0.53821411,
        -0.26606793, -2.21890666, -0.28506884, -0.31330432, -0.94226551,
         0.40589844, -1.0875829 ,  2.50110264, -0.40220092,  0.12092127,
         0.32831734, -0.24543351, -1.43533548, -0.15946904, -1.12242397,
         0.52657067, -0.56001652, -1.30856201, -1.19989516,  0.48223294],
       [ 1.17177876, -2.02974059, -0.01673408, -1.19085828,  1.655486  ,
         0.32382548, -0.03021889,  2.50771001,  1.12255163,  1.15723364,
        -1.38021869,  1.69881063,  0.48342367, -0.13903572, -1.09674923,
         0.27997811,  2.52849786, -0.34892607,  1.37103449,  1.14757319,
         1.72177618,  0.90728658,  0.67385453,  1.12971383,  0.06063026,
         0.29477744,  0.60177769, -1.27460967, -0.49955459, -1.27851093,
         0.28056589, -0.73011956,  1.18413663, -0.71289241, -0.58140841,
         0.72683856,  0.31926514,  1.1292324 , -1.02098253,  0.17243537,
        -0.53052008, -0.20240062,  1.12961327, -1.84009626,  0.323688  ,
        -0.2082507 ,  1.0810758 , -0.33426123,  0.13032351, -2.10734652]]), array([[-3.63404739, -3.27228155,  2.35323286, -1.69882542,  0.75706093,
         2.19966391, -0.64276874, -0.12400263, -2.0842897 ,  0.46039877],
       [-2.34311835,  1.45559471, -2.92148056,  2.77256783, -1.80986926,
         0.84404724,  0.10498768, -0.29087667,  1.97658709, -0.47144984],
       [ 2.22188351,  3.11592261,  2.46900281, -1.73558381,  0.51506815,
        -4.09140585, -0.92724579, -0.51127333,  0.09213488, -0.48897762]])]