[array([[ 0.31848576],
       [-0.10286113],
       [-0.14052145],
       [ 1.8882555 ],
       [-0.77888736],
       [ 1.07748355],
       [-0.09965661],
       [ 0.1943628 ],
       [-1.02544862],
       [ 0.73232243],
       [ 2.26741683],
       [-2.60016836],
       [ 0.15566142],
       [ 0.2775541 ],
       [-0.31336244],
       [ 0.75775021],
       [-0.96747288],
       [ 0.60911981],
       [-0.30232153],
       [-0.68520695],
       [-0.26241853],
       [-1.61805759],
       [ 2.67868338],
       [ 0.71686955],
       [ 0.05108884],
       [ 0.96477221],
       [ 3.29582568],
       [ 1.41379662],
       [-1.26513151],
       [ 0.03241066],
       [ 1.59354535],
       [-0.43467456],
       [ 1.86762358],
       [-1.61591385],
       [ 0.37882127],
       [ 0.28188165],
       [ 0.41306415],
       [ 1.96560455],
       [ 0.81952662],
       [-1.33930905],
       [ 2.27893672],
       [-0.43743309],
       [-1.7749047 ],
       [-1.32148079],
       [-0.83492409],
       [-0.25133357],
       [ 1.30896517],
       [-0.17608606],
       [ 2.28558226],
       [ 1.50735824]]), array([[ 0.12942887],
       [ 0.54045583],
       [ 0.10706225],
       [ 0.50925728],
       [ 0.5370219 ],
       [-0.64682215],
       [-0.61597296],
       [-2.60380239],
       [ 1.98521632],
       [ 1.75667659]]), array([[-1.18735177],
       [-0.94244253],
       [ 1.69781658]])]
[array([[ 2.94831692e-01,  5.39651183e-01,  1.20193629e-01,
        -3.99587313e-01],
       [-1.07841860e+00, -9.08253752e-01,  1.59632231e+00,
         1.16410354e+00],
       [-7.45288823e-01, -3.67307131e-01,  1.57046381e+00,
        -1.48186633e+00],
       [-5.78435009e-01, -1.45098540e+00, -2.61353862e-01,
        -7.48526316e-02],
       [ 1.59708415e+00, -6.38489184e-01, -1.39329844e+00,
        -7.43465553e-01],
       [-2.29341962e-01,  7.48720095e-01,  9.15610050e-01,
        -1.18539507e+00],
       [-1.46271322e+00, -5.76973100e-01, -1.46928850e+00,
        -6.31170191e-01],
       [ 6.55404629e-01,  2.12691312e+00,  1.73213320e+00,
        -7.31419671e-01],
       [-7.78672047e-01,  2.30210277e-01, -2.50479825e+00,
        -1.80314806e+00],
       [-5.26110287e-01, -7.50520283e-01,  2.82829430e-02,
        -6.31706541e-01],
       [-5.31214904e-01,  3.05485074e-01, -1.51416272e+00,
        -9.54411387e-01],
       [ 3.49147313e-01, -2.22007557e+00,  1.29888197e+00,
        -3.42477498e-01],
       [ 1.74665797e+00,  2.98258576e-02, -2.32031047e+00,
        -9.69482912e-01],
       [-1.60752014e+00, -3.91368138e-01, -2.17005130e+00,
        -7.36737786e-01],
       [-6.72698694e-01, -2.09332363e+00,  2.09777505e+00,
         3.09515460e+00],
       [ 3.08082140e-01,  9.68691810e-01, -1.12543269e+00,
        -2.24557699e+00],
       [ 1.77555076e+00,  1.04831710e+00, -1.46295254e+00,
        -2.53195687e+00],
       [-7.35015984e-01, -4.24424053e-01, -1.57470234e+00,
         8.99016735e-01],
       [ 2.04677743e-01, -2.24855120e+00,  8.13833420e-01,
         9.27779560e-01],
       [-4.30740538e-02,  7.50820196e-01,  5.68276604e-01,
         7.87696109e-01],
       [-6.91850970e-01,  1.14549437e+00, -9.80128030e-01,
        -8.89566705e-01],
       [-1.02417717e-01, -6.19449115e-02,  1.95518146e+00,
         4.33092366e-02],
       [-5.22850784e-01, -1.30361446e+00, -7.61862020e-01,
        -3.71418490e-01],
       [-1.56340889e+00, -1.69028672e+00, -3.53183740e-03,
         1.64595704e+00],
       [ 7.06974494e-01, -2.09377570e+00,  1.14169443e+00,
         9.53946298e-01],
       [ 5.80038767e-01, -1.00106603e+00,  1.56283071e+00,
        -1.10459005e+00],
       [ 9.99425205e-01, -3.70378322e+00, -1.87020024e-01,
        -5.04955735e-01],
       [-1.14783681e+00, -1.81745575e+00,  8.68022625e-01,
         2.39898350e+00],
       [ 4.10968209e-01,  1.10473169e+00,  5.46826435e-02,
        -1.71620978e-01],
       [-4.43798823e-01,  2.14686337e+00, -1.25919473e-01,
        -1.01011475e+00],
       [ 1.04050315e+00,  1.09188432e+00,  1.77806246e+00,
        -3.72865251e-01],
       [ 1.95520843e-01,  4.49382808e-01,  1.02341399e+00,
        -8.99978760e-01],
       [-1.29971422e+00, -1.37877581e+00, -3.37288953e-01,
         8.10595911e-01],
       [-3.92826101e-01,  3.90755378e-01,  9.15004489e-01,
        -2.38659919e+00],
       [-1.90678954e-01, -1.11826894e+00, -1.85253680e-01,
        -2.55539812e-01],
       [ 1.19595686e-01, -9.08038851e-02, -1.21099151e+00,
        -3.49888274e-01],
       [-6.49255265e-01, -5.19346755e-01, -5.46464700e-01,
        -6.35059363e-01],
       [ 1.06398110e-01, -1.55610807e+00, -1.68372383e+00,
         4.90632445e-01],
       [-1.00935664e+00,  1.36420546e+00,  7.98005671e-01,
        -4.86850473e-01],
       [-4.99238196e-01, -1.67805884e-01, -5.55728652e-01,
         6.57118806e-01],
       [ 8.74805346e-01, -1.83978483e+00, -1.13945567e+00,
        -6.48591186e-01],
       [ 3.94922985e-01,  6.08809136e-01, -3.45058414e-01,
         7.38019853e-01],
       [-1.06858091e-01,  6.45320872e-01,  1.33578446e+00,
        -2.50939970e-03],
       [ 4.35353491e-01,  1.65307661e+00, -7.27967057e-02,
        -1.14357106e-01],
       [ 8.46074936e-01,  2.65256586e-01, -1.62032834e+00,
        -3.14285535e-01],
       [ 8.16492589e-01,  9.04872222e-01, -1.01635164e+00,
        -2.31582698e+00],
       [-1.51391562e+00, -1.02164919e+00,  4.15843758e-01,
         2.14179153e+00],
       [ 9.96385460e-01,  4.49705472e-01, -2.05876087e+00,
        -6.16056618e-01],
       [-1.40239320e+00, -7.53006629e-01, -4.84355288e-01,
        -2.06955743e-01],
       [ 9.24060722e-01, -5.50290005e-02,  2.05838919e+00,
        -4.14804202e-01]]), array([[-5.57844267e-01, -7.55033373e-01,  2.28496574e-01,
         2.28061465e+00,  6.88058969e-04,  2.59795802e-01,
        -4.85767539e-01, -5.22859094e-01, -2.21634202e+00,
        -7.13528746e-01, -3.51387739e-01,  3.01202589e-01,
         1.32725460e+00,  1.38100826e-01, -4.13986929e-01,
        -3.15626478e+00,  3.93476318e-01, -3.14904310e-01,
        -2.07832433e+00, -2.05206514e+00, -3.11057527e-01,
        -8.16140310e-01, -1.16341107e+00,  6.42488011e-01,
        -6.70544621e-01, -7.65194838e-01, -1.16245553e+00,
        -2.49561411e+00,  9.72999966e-02, -7.96726501e-01,
         1.94579486e+00,  9.57572510e-01,  1.23401641e+00,
        -1.83237896e-01, -8.26989211e-01, -3.68164626e-01,
         1.64132390e+00,  7.64625242e-01, -2.36866952e+00,
         6.08119020e-01,  1.08712438e-01,  1.82214605e+00,
         4.84407604e-01,  3.05233865e-02,  1.56105900e+00,
         1.24166488e-01, -1.67857578e+00, -1.60651561e+00,
        -2.58770615e-01, -1.24648805e+00],
       [ 4.12934995e-01,  6.13136086e-01, -2.81384928e-01,
        -4.50859872e-01,  1.48325244e+00,  4.26434117e-01,
        -6.77604551e-01,  1.23086589e+00,  2.09988537e-01,
         1.59214324e+00,  1.97989981e+00,  1.21415077e+00,
         4.83849001e-01, -3.35682113e-01, -8.39215150e-01,
         8.30290907e-01, -1.59994719e+00,  1.68320474e-02,
         1.09489915e+00,  1.38597452e+00,  1.20983532e+00,
         2.88771116e-01,  1.12372176e+00, -1.99476635e+00,
        -1.08466362e+00,  4.74266271e-01, -1.99530923e+00,
         5.24591529e-01,  9.84678145e-01,  2.09330437e-01,
         4.48801763e-01,  2.82601291e-01, -6.74301906e-01,
        -6.54041264e-01, -2.44721474e+00,  1.26061039e-01,
         1.32687288e+00,  6.36459975e-01,  3.11993733e-01,
        -8.74731605e-01,  6.34506017e-01,  4.20153285e-01,
        -4.25438222e-01,  6.95094444e-01,  2.04812286e+00,
        -3.33165946e-02, -3.07452426e-01,  8.96492778e-01,
         4.63082197e-01, -5.09307189e-01],
       [-2.29445032e+00,  5.92489638e-01,  3.20637074e-01,
         9.71736295e-01, -5.65827578e-01,  1.55214002e-01,
         1.26799037e-02, -6.12226970e-01, -3.64618437e-02,
        -1.88137282e+00, -1.83889018e+00,  2.51989192e-01,
         1.13433519e+00,  1.76596758e+00,  3.10943519e-01,
        -1.08430669e-01, -1.29327142e+00, -1.09321462e+00,
        -1.71074536e-01,  1.32228524e+00,  2.81445386e+00,
         2.47661295e+00, -3.11422401e-01, -6.25735285e-01,
         1.59129474e-01,  7.05386193e-01,  6.39949688e-01,
        -1.74187012e+00, -1.21724348e+00,  8.13504322e-01,
        -1.31952838e+00, -8.57203275e-01,  1.46610151e+00,
         1.28260812e+00,  1.22223569e+00, -8.09263613e-01,
         5.50721559e-01,  8.98832814e-01,  5.18613649e-01,
        -1.02279007e+00, -1.39667456e-01, -7.66023899e-01,
         1.78172762e+00,  5.98897795e-01, -6.67076999e-01,
         3.30968029e-01, -4.08482564e-02,  1.64961221e+00,
        -2.61032738e-01,  6.09799690e-01],
       [-1.12317038e+00,  1.58607629e+00,  2.49185929e+00,
         5.07461757e-01,  1.18344781e+00, -1.57144806e+00,
        -1.31455301e+00, -4.39641878e-01, -1.61342167e+00,
        -4.78508979e-01,  1.05224397e+00, -1.01670820e+00,
        -7.89673196e-01, -2.16623370e+00,  1.66779943e+00,
        -1.99482693e+00, -1.69969835e+00,  7.52165399e-01,
        -1.28928700e-01, -7.07764423e-01, -7.51420854e-01,
         1.55370404e+00,  3.40225535e-01,  1.13208692e-01,
         1.62201489e+00,  3.71043833e-01,  1.63568047e+00,
        -8.18574901e-01, -3.37575338e-01, -1.32302920e+00,
         6.79582236e-01,  8.92550097e-01,  2.56304170e-02,
         5.71710544e-01,  5.89990976e-01,  2.04869253e+00,
         2.29472658e+00, -2.16210139e+00, -1.18641693e-02,
        -5.82032302e-01,  9.81338236e-01, -4.28778085e-02,
         8.46401733e-01,  1.29760863e-01, -6.38549269e-01,
        -2.87972842e+00, -1.74119302e-01,  1.52538802e+00,
         4.92554167e-01, -2.18728909e-01],
       [-9.29286463e-01, -1.38550890e+00, -1.20878257e+00,
        -1.13368836e+00,  1.61079486e+00,  7.37623398e-01,
         6.08178662e-01, -1.08463333e+00, -1.02240161e+00,
        -2.24730950e-01,  1.90729078e+00,  2.97565190e+00,
         3.83032638e-01,  6.87819019e-01,  4.87992338e-01,
         4.62443124e-02,  9.47391748e-01,  2.15434316e+00,
        -1.03656689e+00, -1.24334582e+00, -3.53827721e-01,
         1.74386134e-01,  4.61782122e-01,  1.08408424e-01,
         1.05420992e+00,  9.43622318e-03, -6.73193850e-01,
         8.37475436e-01, -6.70018276e-01, -5.29835327e-01,
        -3.09506377e-01,  7.62967039e-01, -6.44043103e-01,
         5.23781600e-01,  7.06775503e-02, -9.62649309e-01,
         9.67550769e-01, -9.25334425e-01, -9.56607435e-01,
         6.35412054e-02, -1.00496720e-01, -1.34002600e+00,
        -1.67254437e+00,  9.77740672e-02, -1.22291201e-01,
        -1.66860358e-01, -3.05932297e-01, -2.66510550e-01,
        -1.33541623e-01,  1.44309108e-01],
       [ 6.55677824e-01, -1.34776735e+00,  1.47535275e+00,
         1.97087477e+00, -8.22343794e-01, -1.69704958e+00,
        -3.51963560e-01,  1.90294388e-01, -5.99395721e-01,
        -3.60797454e-02, -7.33436950e-01,  6.78192787e-01,
         7.56853487e-01, -5.52110429e-01, -9.68406879e-02,
         7.16127009e-01, -1.16087996e-01,  1.87515288e+00,
         1.80486508e+00,  1.15316720e+00,  7.00535826e-01,
         1.36967268e+00,  8.71396717e-01, -1.63328518e-01,
        -5.02804365e-01, -1.28576036e+00,  1.40178992e+00,
        -9.17485764e-02, -3.36837865e-01,  1.98566736e+00,
         1.28582792e-01, -1.78897521e-01, -4.27779136e-01,
         1.63803382e+00, -3.94720913e-02, -1.62768655e+00,
         3.79469195e-01,  3.84856273e-01,  1.52230623e+00,
         1.02416530e-01, -9.07956702e-01,  3.71131004e-02,
         4.04903568e-01,  5.13754615e-01, -2.44981424e-01,
        -8.82177394e-02,  6.67466898e-01,  1.93180841e+00,
        -2.23171859e-01,  1.21511721e-01],
       [ 1.40852001e-01,  1.90060748e-01,  3.82994881e-01,
        -2.53912649e+00, -1.11503372e+00, -5.99806211e-01,
         1.26673946e+00, -9.75285565e-01,  4.46243241e-01,
        -1.07743836e+00, -2.89088286e-01, -2.80843274e-01,
        -1.96523860e-01,  1.70763342e+00, -1.74505453e+00,
        -1.15104914e-01,  1.44629087e+00, -1.48417655e+00,
        -6.66348496e-01, -4.76609688e-02, -6.24176038e-01,
         1.42098359e+00, -2.07614217e+00, -9.91654675e-01,
        -6.60075337e-01, -1.05854161e+00, -2.84368731e+00,
        -7.37618919e-01,  1.34254604e+00,  2.52737511e+00,
         1.11818297e+00,  1.22507885e+00, -1.06341895e+00,
        -1.03595047e+00, -6.47767365e-01,  1.35711365e+00,
        -2.40292121e+00, -2.79667544e+00,  2.28198786e-01,
         5.28613177e-01, -5.44987878e-01,  2.04686538e+00,
         3.56133498e-01,  3.47842918e+00, -1.21274700e-01,
         9.20742083e-01, -1.18396463e+00, -1.15104307e-01,
        -1.22534504e+00,  1.04506252e-01],
       [ 1.76088509e+00,  1.48234071e-01, -2.82505694e-01,
        -1.98947689e-01, -7.05243875e-01,  7.10827246e-02,
        -1.24983808e+00,  3.99328783e-01,  1.62063138e+00,
        -2.01662818e+00, -1.66911072e+00, -6.26573636e-01,
        -8.44580523e-02,  5.41104625e-01,  1.82877312e+00,
        -6.37251615e-01, -2.46098105e+00,  1.99210296e-01,
         3.50548974e-01, -4.13790128e-01,  8.42921244e-02,
         3.62635935e-01, -2.09496790e+00, -4.84290036e-01,
         1.87897357e-01,  6.82837650e-01, -2.41981699e-01,
         8.65419243e-01,  5.15765071e-01, -5.49539326e-01,
         5.14091418e-01,  4.32368023e-01, -1.09037279e+00,
        -3.97485115e-01, -2.49990243e+00, -1.69068954e-01,
        -4.46831806e-01, -1.60224115e+00,  6.61331303e-01,
        -1.12193535e+00, -2.84520688e+00,  6.22847178e-01,
        -3.92914919e-01, -5.44569181e-01,  5.23671881e-01,
        -2.33024278e+00,  5.64007300e-01, -3.39423133e-01,
        -2.15586769e+00,  1.20711076e+00],
       [ 4.84810828e-01, -3.77637689e-01,  5.17228725e-01,
         2.70076016e-01,  1.71445866e+00, -1.93213506e+00,
         3.71737991e-01,  1.86936449e+00, -1.10317327e+00,
        -5.45116817e-01,  1.59235942e+00,  4.73594252e-02,
         2.57917216e+00,  2.71524213e-01, -1.20554235e+00,
         1.96938206e+00,  8.49355441e-01, -3.15257968e-01,
         8.79259078e-02, -8.86715517e-01,  4.87926641e-01,
        -6.04006468e-01,  1.91995111e-01,  1.78416655e+00,
        -1.16841847e+00, -1.23040793e+00,  2.71693070e+00,
        -4.40007562e-01,  1.63771350e-01,  2.69454935e-01,
        -9.87607860e-01,  4.63975360e-01,  8.90347765e-01,
        -5.59095163e-01,  1.05989058e+00,  2.52120012e+00,
        -5.00848169e-01,  7.86926538e-01, -1.69889625e+00,
        -4.99649604e-01,  1.33042102e+00,  8.26495688e-01,
        -2.52440673e+00, -1.29492368e-01,  2.09932636e+00,
         1.90311507e+00, -1.04202592e+00,  1.51064740e+00,
         1.45643286e+00,  2.05717960e-01],
       [-2.00090530e+00,  1.84009842e+00, -5.27716465e-01,
         5.82506537e-01, -7.14826196e-01, -1.06565487e+00,
         8.56793934e-01,  4.23003790e-01,  8.66090015e-01,
         9.14618860e-02, -3.17900770e-01,  1.71717035e+00,
        -2.42641307e+00, -1.26045143e+00,  1.90516497e+00,
        -2.52234495e+00, -1.79175932e+00, -3.32269752e-01,
        -1.41099986e-03, -2.05047718e+00, -3.92216911e-01,
         1.24760161e+00, -5.72939799e-03,  9.29130131e-01,
         1.10727469e+00, -4.73194591e-01,  1.29550969e+00,
         2.32289849e+00, -1.35481108e-01, -2.07542888e-01,
         2.38259663e+00, -7.67523309e-01,  1.63680093e+00,
        -1.40424739e+00,  1.09965539e+00,  9.67204692e-01,
         1.03567924e+00,  3.64322898e-01,  1.46785891e+00,
         7.06447192e-01, -6.16179979e-02,  7.40760599e-02,
        -1.16034287e+00, -1.33460408e+00, -8.02376351e-01,
         5.59629265e-01,  1.55139049e+00, -1.68174430e+00,
        -1.30207940e+00,  5.42852404e-01]]), array([[ 1.397019  , -1.36764123, -0.72151261,  1.74479074, -2.62592778,
         0.29871799, -4.65339538, -2.38927671,  1.99021241,  3.32978154],
       [ 1.38304392, -1.30412419, -0.06542081,  0.99321439, -0.634844  ,
        -0.57444671,  2.16173674,  2.99492518, -4.35652928,  1.57721657],
       [ 0.437151  , -0.32783968, -0.82849352, -2.39315764,  0.87285617,
        -0.44720057,  1.64108834,  0.45472164,  2.553215  , -5.33850923]])]