[array([[-2.17759114],
       [ 1.82559   ],
       [ 1.72752991],
       [-0.73658493],
       [ 1.98278738],
       [ 0.56979496],
       [ 1.61580406],
       [-0.36128243],
       [ 0.63152697],
       [ 0.04252286],
       [-1.62338731],
       [ 0.9333455 ],
       [-1.93276233],
       [ 1.06123495],
       [ 0.26653481],
       [ 1.02035006],
       [ 0.56850479],
       [ 1.36011764],
       [-1.62057591],
       [ 1.49436311],
       [ 2.70957682],
       [-0.53849965],
       [-0.77237058],
       [-1.96072231],
       [ 0.95687316],
       [ 1.26412826],
       [-2.31275827],
       [-2.05381098],
       [-1.04955248],
       [-0.0328828 ],
       [-0.3327607 ],
       [-1.06140229],
       [ 1.5792225 ],
       [-0.57299295],
       [ 2.04236072],
       [ 1.95526611],
       [ 0.89754289],
       [ 0.9495209 ],
       [ 1.78143915],
       [-3.21268203],
       [-0.35064832],
       [ 2.4633836 ],
       [ 0.90981578],
       [ 1.78377493],
       [-0.59247498],
       [ 2.26878305],
       [-0.7010085 ],
       [ 1.71044732],
       [-2.80018824],
       [ 1.69005241]]), array([[ 0.77412249],
       [ 0.32998185],
       [ 1.22955168],
       [ 2.11477398],
       [ 0.0576736 ],
       [ 0.29037208],
       [-1.04258614],
       [-0.76140436],
       [-0.795017  ],
       [ 1.82245488]]), array([[-2.61962869],
       [ 2.14186002],
       [-0.78702792]])]
[array([[ 3.31572980e-01,  2.28692398e+00, -6.35541390e-01,
         3.54682010e-01],
       [-3.36988028e-02,  9.15917728e-01, -1.53814061e-01,
         6.50223642e-01],
       [ 2.64942094e-01, -2.75121661e-01,  9.89440999e-01,
        -1.68173987e+00],
       [ 1.09549527e+00, -1.46436070e-01,  3.16906628e-01,
         4.19109436e-01],
       [-6.83792064e-01, -1.50254895e-02, -1.85073270e+00,
        -4.82544745e-02],
       [-1.22317447e+00, -1.09741963e+00, -1.21461247e-01,
         5.12802740e-01],
       [-7.73466000e-01, -1.50406139e+00, -5.58990707e-01,
         6.77851373e-01],
       [ 3.90537338e-01,  4.11443467e-01,  8.60166338e-01,
        -1.49186774e-01],
       [-2.02337930e+00,  2.45692237e+00, -1.53280562e+00,
         3.03598794e-01],
       [-6.16058562e-01, -9.37456780e-01,  1.01469882e+00,
         1.54879795e+00],
       [-1.32948751e+00, -3.11796166e-01,  2.60444696e+00,
         1.20728718e+00],
       [-1.13149133e+00, -1.00900291e+00, -2.06810218e-01,
         5.67870548e-01],
       [ 7.36635056e-01,  1.55867665e+00,  6.70244111e-01,
        -7.87861785e-01],
       [ 1.25661904e+00, -6.20577197e-01, -3.24594554e-01,
         5.52274480e-01],
       [-1.05569152e+00,  9.42860034e-02, -7.24657052e-01,
        -6.13588180e-02],
       [-2.44223599e+00,  7.94535429e-02,  9.38009107e-01,
         5.50900674e-01],
       [-2.14027614e+00, -6.71788833e-01,  2.96933017e+00,
         8.99004243e-01],
       [-4.46300458e-01,  2.39395576e+00, -5.63021355e-01,
         1.45703200e+00],
       [-1.07666309e+00,  1.59061302e-01, -1.19761042e+00,
        -5.50654673e-02],
       [ 1.34527480e+00,  8.92254269e-01, -7.89701383e-04,
         6.82790440e-01],
       [-1.67809364e+00, -1.42868430e+00, -1.05691826e+00,
         1.21742559e+00],
       [-1.77463390e+00, -8.70253138e-01,  8.65361054e-01,
        -6.32918342e-02],
       [-1.26007899e+00,  4.69721953e-01, -7.26526019e-01,
         8.76575232e-02],
       [-5.35795731e-01, -5.02481680e-01, -2.85548950e-02,
         1.47635269e-01],
       [-1.57740795e+00,  8.11828366e-02,  3.79448276e-01,
        -1.23046627e+00],
       [ 2.47620763e+00,  1.11760135e+00,  7.43892375e-02,
        -7.76432971e-01],
       [ 4.91685941e-01,  2.13197631e+00, -1.37119418e+00,
         1.06111869e+00],
       [ 3.60595584e-01,  1.74865432e+00,  1.09989271e+00,
        -5.43220948e-01],
       [-9.62804989e-02,  1.13537532e+00, -1.01370705e+00,
         1.03808953e+00],
       [ 1.32715616e+00, -2.58465472e+00,  6.81938301e-01,
        -6.89909784e-01],
       [-3.63658924e-01, -2.90948716e+00, -1.17651747e+00,
        -2.10363400e-01],
       [-8.94001804e-01, -1.01497885e-01,  2.88976176e-01,
        -9.64866940e-01],
       [ 1.80300259e+00, -6.75980198e-01,  1.29471536e+00,
         3.71866148e-01],
       [ 4.57595720e-01,  9.46069044e-01, -1.37740988e+00,
        -9.49702562e-02],
       [ 4.30318090e-01,  8.06503537e-01, -3.46466526e+00,
        -3.82118996e-01],
       [-7.59462269e-01, -2.50596907e+00,  2.05678324e-01,
         1.21509822e+00],
       [ 4.16752963e-01, -1.26877321e+00, -3.26256102e-01,
        -6.65716496e-01],
       [-1.10235192e+00,  1.79100613e+00, -1.14935937e+00,
        -1.78026606e+00],
       [ 3.83139120e-02,  1.70133456e+00,  3.82546456e-01,
         6.13475401e-01],
       [-1.13523707e+00, -5.13201931e-01,  2.80593546e+00,
         2.30527502e+00],
       [ 9.62304423e-01,  1.59083355e+00, -2.69953938e+00,
        -1.02188067e+00],
       [-1.63181075e-01,  4.46088424e-01, -1.16706154e+00,
        -2.19242607e+00],
       [ 2.47974148e+00, -1.43777118e+00, -1.75903532e+00,
        -9.95011184e-01],
       [-1.83801180e+00, -1.56486531e+00,  1.00028598e+00,
         1.05455200e+00],
       [-4.83873242e-02, -2.12240836e-01,  5.64297058e-01,
         3.09038233e-01],
       [-3.06465519e-01,  1.35678563e+00,  1.52049040e-01,
         1.00709584e+00],
       [-1.66703173e+00, -1.65645729e+00,  3.62418509e+00,
         1.65318349e+00],
       [ 7.89464661e-01, -3.18561513e-01,  6.35418251e-01,
         1.36202829e-01],
       [ 4.89296300e-01,  1.72372518e+00,  8.86538278e-01,
        -2.80660602e-01],
       [-7.28335424e-01,  8.32828700e-01, -1.12540439e+00,
         8.04549325e-01]]), array([[-1.78876046e+00,  1.50975347e-01,  1.51792384e+00,
        -9.71754283e-01, -1.83184879e-02,  1.50644028e-01,
        -6.50448912e-01, -7.97225063e-01, -5.19253936e-01,
         3.79070333e-01,  9.10991172e-01,  4.49352277e-01,
        -1.35089841e+00,  1.03559793e-01, -7.33998631e-01,
         1.98933295e+00,  1.10472669e+00,  1.24035334e+00,
        -8.36825027e-01, -9.18158230e-01, -2.26751951e-01,
        -7.05175781e-01,  1.28058635e+00,  6.14088204e-01,
         3.42949601e-02,  1.17680471e+00, -9.64011304e-01,
         8.95573111e-01, -8.12857253e-02,  2.15042588e-01,
        -3.97299270e-01,  5.79958112e-01, -7.39443488e-01,
        -9.36804012e-01, -6.22851917e-01, -8.20802531e-01,
        -4.59581556e-01,  4.28547621e-01, -1.07844448e+00,
        -8.44271738e-01,  3.89669602e-01, -1.07157341e+00,
         5.58354806e-01,  1.97690726e+00,  1.20008910e+00,
        -2.91469735e+00, -1.01198880e+00, -6.10312713e-01,
         3.33164010e-01, -3.35061289e-01],
       [ 1.74122173e-02, -4.44188312e-02,  3.47827933e-02,
         1.25216414e-01,  2.90679544e-02,  1.03219835e+00,
         1.80812386e+00,  4.44043565e-01, -5.04506069e-01,
        -1.74259281e-01,  5.13620758e-01,  8.97816837e-01,
         6.38577697e-01, -1.04370159e+00,  1.26223600e+00,
        -8.96378636e-01, -6.81628027e-01, -1.21785006e+00,
        -1.05976100e+00,  8.14881489e-01, -7.78769776e-01,
        -3.46314666e-01, -1.52806292e+00, -1.18930064e+00,
         1.06213778e-01, -3.19746211e-01,  1.25219471e+00,
         1.37640225e-03,  4.76535532e-01,  8.01476198e-01,
         8.99044922e-01, -1.22742698e-02,  1.44931532e+00,
         7.79276307e-01,  1.12460555e+00, -1.24936202e+00,
         2.83476417e-03, -2.15680746e+00,  1.43792933e+00,
         3.14512942e-01,  6.54695845e-01, -2.05871478e+00,
         1.58325635e-01, -7.55501333e-01, -6.10511437e-01,
         9.97884037e-02, -2.79370261e-01,  5.08555097e-01,
         4.91798365e-02,  1.96693473e-01],
       [ 5.75175339e-02, -3.39204792e-01,  1.09204392e-01,
        -3.15130152e-01,  7.76816450e-01,  3.56464482e-01,
         1.07415258e+00,  2.41825577e+00, -4.88496512e-01,
         1.64320897e-01,  3.93238693e-01,  6.04769514e-01,
        -2.54461384e-01,  4.22788030e-01, -2.51222105e+00,
        -3.29297744e-01, -3.17820885e+00,  1.25544126e+00,
        -1.97967969e+00,  2.23234943e+00, -1.08286289e+00,
        -1.12178474e+00,  7.26402146e-01, -5.79205818e-01,
         1.18379854e+00, -2.16880031e-01,  9.74395355e-01,
        -1.85301527e+00,  3.80048769e-02, -4.56387695e-01,
         1.12875570e+00,  1.17289516e+00, -1.18322300e+00,
         9.63666392e-01, -1.09371748e+00, -2.33722989e-01,
        -8.81167644e-01, -1.18720974e+00, -3.09640365e-01,
        -6.84698878e-01,  1.89277753e-01,  3.19331365e-01,
         2.47103927e+00, -1.31846428e+00, -1.00198690e-02,
        -9.57961948e-01, -9.47587483e-01,  5.05966888e-01,
        -1.22295972e+00, -1.30104747e+00],
       [-3.39268209e+00, -6.47812572e-02, -3.68370611e-01,
        -9.92418556e-01,  1.82748501e+00,  2.34141068e+00,
         2.48125972e+00, -2.17256315e-02, -7.79935651e-02,
        -7.14465169e-01, -3.28961246e-01,  6.57058510e-01,
        -1.45525040e+00, -2.75475261e-01,  4.65488823e-01,
         5.04053455e-02,  1.64972118e+00,  8.95204379e-01,
        -7.45919266e-01, -4.86168623e-01,  2.71502026e+00,
        -7.82441490e-01, -5.26917567e-02,  5.71872881e-02,
         1.28453014e+00,  9.31949093e-01, -1.69768335e+00,
        -2.77179461e+00, -8.16525916e-01,  1.83504048e+00,
         2.04693894e-01,  1.70412769e-01,  2.32932002e-01,
        -1.33897055e+00, -5.28513599e-01,  1.13656489e+00,
         6.97023536e-01, -7.18366873e-02,  9.46567191e-01,
        -6.92323924e-01,  5.01224914e-01,  8.17004180e-01,
         1.01706070e+00,  2.07267216e+00,  2.90997701e-01,
         1.96011976e+00,  1.18833452e-01, -8.17443195e-01,
        -2.32892834e+00, -1.17827574e+00],
       [-4.59155771e-01, -7.41671828e-01,  1.60881178e+00,
         1.34756760e+00,  1.46004753e+00, -8.79583184e-02,
        -5.43512843e-01,  7.07374081e-03, -3.74758145e-01,
         2.77118301e+00, -1.33659599e+00,  6.83965463e-01,
        -7.35543838e-01, -2.53095687e-01, -1.30694210e+00,
        -3.03091472e-01,  8.06526398e-01,  6.78554511e-01,
        -3.90523056e-01, -1.62070075e+00,  1.79478504e+00,
         1.14466713e+00,  9.55927623e-01, -2.37261316e-02,
        -8.67628136e-01, -5.28104565e-01, -5.67248314e-01,
         3.88584992e-01,  6.53788691e-01,  1.04107067e+00,
        -8.79467872e-01, -2.42633584e+00, -1.35048368e-01,
        -1.12978591e+00, -2.37384959e+00, -1.57256407e+00,
         2.11240669e+00,  5.03975828e-01,  6.08697699e-01,
         1.05861327e-01,  8.27334823e-01, -3.23603736e-01,
        -9.41767009e-01, -1.25827859e+00,  5.74810232e-01,
        -1.91843923e-02, -3.76474656e-01, -2.84892520e+00,
        -1.42417062e+00, -2.52900423e+00],
       [-1.67681562e+00, -4.01902462e-01,  4.27199702e-01,
         1.29217423e-01, -5.35847484e-01,  7.31265444e-01,
         1.53822936e+00,  7.26816675e-01, -1.89244627e+00,
         2.05102491e+00,  1.18102492e+00,  2.41459278e+00,
        -1.87847841e+00,  1.28855137e+00, -8.04191566e-01,
         1.29361644e+00,  1.26607226e+00,  6.62614479e-02,
         5.41266240e-01,  1.19233109e+00,  1.54202493e+00,
         1.44191803e-01, -7.31620471e-01,  7.80888713e-02,
         4.67770846e-01,  9.46461143e-02, -9.70689678e-01,
        -6.14106621e-02, -3.58496170e-01,  1.34189247e+00,
        -9.06053180e-01,  1.14994223e-01, -6.64649506e-01,
        -1.23439542e+00,  1.73737941e-02,  3.18430604e+00,
         3.97606878e-01, -2.20756206e-01, -4.98570112e-02,
         1.38410776e+00, -2.39458811e+00, -5.32508265e-01,
        -1.61869403e+00,  1.97109400e+00, -1.09870223e+00,
         1.99059409e-01,  3.69467085e+00, -1.27685167e+00,
        -6.08283480e-01,  6.50835665e-01],
       [-2.46898776e-01,  8.17260198e-01,  8.71369803e-01,
         2.56554384e-01,  2.11119263e-01, -1.08109034e+00,
         7.54684157e-01,  1.25209891e+00,  1.55678391e-01,
        -9.39329788e-01, -7.61167686e-01,  2.73667998e-01,
         1.28447623e+00, -1.82982478e+00,  1.42581339e+00,
        -1.07342882e-01, -1.07921105e-01, -1.87864669e+00,
        -1.88990403e+00,  4.32992611e-01,  6.08369692e-01,
        -1.01813963e+00,  1.36064788e+00,  6.51157769e-01,
        -8.45232247e-01, -3.40468205e-02, -9.68944596e-01,
        -2.16570992e+00, -1.24086387e+00, -1.16609260e+00,
        -7.47748843e-01,  6.37111256e-02, -7.66102296e-01,
         1.27148648e+00,  7.14148546e-01, -1.05563138e+00,
         4.18599409e-02, -3.83782037e-01,  1.70539505e-01,
        -4.04374256e-01,  6.76946683e-01, -2.05580406e+00,
         8.24555172e-01, -3.67540757e-01, -8.93602408e-02,
        -1.04242645e+00, -7.38700904e-01,  1.13540472e+00,
        -9.29900007e-01, -9.58210480e-01],
       [-1.16770964e-01,  1.07778646e+00,  5.28190240e-01,
         3.27544938e-01, -1.20753318e-01,  6.22371903e-01,
        -1.20730924e+00,  1.29551004e+00, -5.37582878e-02,
        -2.36565119e-01, -1.66181760e+00,  1.17972647e+00,
        -2.99822422e-01,  3.28747980e-01,  3.76777659e-01,
         5.95421932e-01, -5.44271400e-01, -2.76699248e-01,
         8.02898321e-01,  7.08780015e-01, -1.10822030e+00,
         3.53880229e-01,  1.51038737e-01,  8.46392712e-01,
         1.37440776e-01, -1.26675375e-01,  6.30386201e-01,
         1.13673460e+00, -1.61839903e+00, -1.23506136e+00,
         5.24041135e-01, -1.29146771e+00,  1.95059815e+00,
         1.26740680e+00, -4.59381389e-01,  1.50712382e+00,
        -5.44135666e-01, -4.05941276e-01,  3.55690364e-01,
         1.92550762e+00,  9.99618918e-01, -1.02187575e+00,
        -1.56045324e-02,  2.94419816e+00,  9.24253641e-01,
         1.31598809e+00,  3.21545777e-01, -2.37731921e-01,
         2.17476415e+00,  1.84169055e+00],
       [ 5.28522528e-01,  6.00275701e-01, -8.59803445e-01,
         6.08624523e-01, -6.69524088e-01,  7.31852836e-01,
         3.12200378e-01, -5.19142017e-01, -6.46821379e-01,
        -5.40077238e-01, -5.64874352e-01, -1.23905864e+00,
         3.97146461e-01, -2.71472148e+00, -2.43023942e-02,
         4.63394588e-01, -1.47837915e+00, -4.31995472e-01,
        -7.45587312e-01,  1.16180886e+00, -2.06680213e+00,
        -2.60444610e-01, -9.38306328e-01, -3.09752073e-02,
         2.68868861e+00, -2.87752708e-01,  1.03111619e+00,
         6.37049052e-01, -2.11453809e+00,  1.66702354e-01,
         6.43861425e-01,  1.51519321e+00, -1.72214386e-01,
        -1.30096172e+00, -1.40918370e+00, -4.03828771e-01,
         6.69216310e-01,  8.90258183e-01,  1.09757804e+00,
        -9.39868980e-01, -8.87391355e-01, -9.35305901e-01,
        -2.54870889e+00, -1.61111735e+00, -1.23281889e-01,
         8.67455838e-01, -4.04744669e-01,  1.02849269e+00,
        -8.54143342e-01,  1.33945056e+00],
       [ 1.63479152e-01,  1.07700260e+00,  9.83417996e-01,
        -1.01019759e+00,  1.77232412e+00,  1.59970749e+00,
         5.19766506e-01, -1.47209886e+00, -3.33305463e-01,
        -6.29832868e-01, -2.74907633e+00,  1.09862115e+00,
        -1.29437675e+00,  5.18285829e-01,  1.28762405e+00,
        -1.04302014e-01, -2.18494249e+00,  2.02492561e+00,
        -8.06495049e-01,  4.82550468e-01,  9.95432986e-01,
         2.39256877e+00,  1.31324937e-01,  1.19834826e-01,
         1.04191035e+00, -1.61910943e-03, -4.98249236e-01,
        -2.47857093e+00, -8.41464128e-03,  1.25829855e+00,
        -1.78457596e+00,  4.38335892e-01,  5.35575472e-01,
         1.24576810e+00,  3.53037096e+00,  7.12321440e-01,
         1.38839562e+00,  1.87492206e+00,  2.56206243e+00,
        -3.58279814e+00,  1.35021238e+00,  2.56400076e+00,
         2.51900529e+00, -6.12044724e-01, -1.07139429e+00,
         6.27458435e-02, -3.15435239e+00,  5.28775914e-01,
        -1.28519460e+00,  7.36212478e-01]]), array([[ 0.48404644, -3.07772059, -1.18819354,  4.04587825, -1.94583799,
         4.14723652,  0.74100831, -2.67736449,  0.32399296,  3.80268538],
       [-0.65450091, -0.0959165 , -1.26966438, -2.65235532,  0.58715182,
         2.25937842,  1.34101148,  0.18928607, -3.10675072, -5.88650648],
       [ 0.18617333,  0.31636228,  0.25954933, -2.11171675, -1.57116267,
        -6.26743514, -1.26084323,  1.21244587, -0.56407686,  3.53801095]])]