[array([[-0.35008779],
       [ 0.66482826],
       [-0.7046939 ],
       [ 0.71654419],
       [ 0.38433471],
       [ 0.86375589],
       [ 0.29269832],
       [ 0.77398699],
       [ 1.10830221],
       [-0.61282993],
       [-0.89280437],
       [ 0.09650303],
       [ 0.43566605],
       [-1.19626028],
       [-0.91212562],
       [ 0.59376316],
       [-0.69133544],
       [ 0.18324414],
       [-0.13016105],
       [-0.53404257],
       [ 1.61662774],
       [ 0.03063057],
       [ 1.02824881],
       [-1.41583034],
       [-0.45811001],
       [-1.23642621],
       [-2.33277645],
       [ 1.43105276],
       [ 0.41200511],
       [ 0.61445565],
       [-1.52735531],
       [ 1.31190024],
       [-0.95837403],
       [-0.85165742],
       [-0.63071199],
       [ 1.18453719],
       [ 1.79464559],
       [ 2.48028594],
       [ 1.07902922],
       [-1.44101369],
       [ 1.99617389],
       [-1.13975043],
       [ 0.29855664],
       [-0.39333889],
       [ 0.45325179],
       [-0.18983008],
       [ 0.60030843],
       [ 0.3127017 ],
       [ 0.12778635],
       [ 0.81308205]]), array([[-0.58992815],
       [-0.79776253],
       [-1.34670388],
       [ 1.4837054 ],
       [-0.15289765],
       [ 0.81618788],
       [ 0.9977077 ],
       [ 1.99815824],
       [-1.19819293],
       [ 1.01208408]]), array([[-1.0525868 ],
       [ 2.10777687],
       [-0.68317   ]])]
[array([[-0.57632562, -0.74295813, -0.08217914,  0.03448848],
       [ 1.27161165, -0.74354736,  0.87535467,  0.06872043],
       [-1.5396948 ,  0.33634855,  2.82568351, -0.30851338],
       [ 0.52200159,  0.64213703, -0.70268003, -2.33119002],
       [ 1.00054949, -0.47404966, -0.28045615,  0.72984874],
       [ 0.2955435 ,  0.70536763,  0.24342452,  0.25120079],
       [-0.17637335, -0.90274456,  2.17607048, -0.43422047],
       [-0.79736964, -1.13858117, -1.48336728,  0.6428365 ],
       [-1.46493968, -0.57391921, -0.420465  ,  0.32141185],
       [-0.79817338,  1.35689516, -0.31742289, -0.34894289],
       [-0.17078287,  0.46174131,  0.17709657,  0.86554827],
       [-0.92980832, -0.75637423, -2.56081882, -1.22493979],
       [-0.42532231,  0.49265466, -0.57417027, -0.51631152],
       [ 0.37724297,  1.88057909,  0.80630224, -1.38652988],
       [ 2.52555354,  0.6851639 ,  0.40001089,  2.28060834],
       [ 0.69877552, -0.08596689,  1.88562128, -1.31041795],
       [-0.32417915, -0.43675642, -0.32976555, -0.73480635],
       [-0.26383556,  0.25923219, -0.6378703 , -0.77084596],
       [ 0.48608096,  0.53157648,  1.47793083,  2.53983923],
       [ 1.90090374,  0.02779173,  0.58029784, -0.76540788],
       [ 1.96949041,  0.40641845, -1.34484577, -0.66729165],
       [ 0.61298878, -0.32394992, -0.93205133, -0.37727764],
       [ 0.5268509 , -2.64927702, -0.65544224,  1.15886095],
       [-0.33202213,  0.20054751,  1.54875696,  0.38519628],
       [-0.81536693, -0.72351601, -1.45981348,  0.27838971],
       [-0.62237658,  0.40169652,  0.45580126, -1.08533071],
       [ 0.95007002,  1.55642039, -0.08046867,  0.45456325],
       [-1.53222112, -0.96791776,  0.0944288 , -0.25728289],
       [ 0.47247552, -0.12631881,  2.21593479, -1.47109298],
       [-1.22870733, -0.76082661,  0.84974202, -2.37231688],
       [ 0.19598288,  1.49638931, -0.0835643 ,  0.42159921],
       [-1.72143989, -0.38180365,  0.23449985,  0.07406021],
       [-2.15699434, -0.30326004, -0.13350553,  0.2287582 ],
       [ 0.47989024,  1.48378712, -0.68226234, -0.00961121],
       [ 0.17629057, -0.68011788,  2.03897544,  0.69062567],
       [-0.78139983,  0.40082138, -0.30846548, -1.47315846],
       [-1.11522749,  0.4115975 , -1.53954044,  0.06397402],
       [ 0.11937775, -0.56310229, -2.86047632,  0.82519063],
       [ 0.72982003, -2.5722441 , -0.82969618,  1.10892345],
       [-2.48631999, -0.33473248,  0.58917421,  1.62934474],
       [ 0.39378819,  0.31490861, -0.45061484,  2.3225251 ],
       [ 0.05581308, -0.31771326,  0.52514878,  1.06539031],
       [ 0.03886216, -1.52487387,  2.48706878, -0.02623706],
       [ 0.21870872,  0.9627318 ,  0.28846941, -0.34236658],
       [-0.3632426 , -0.87492888,  0.94469914, -1.52910989],
       [ 0.85180353,  0.10974922, -1.24252829, -0.45326501],
       [ 0.24739694,  1.77129171,  0.52315058,  0.65612064],
       [-1.73515374, -0.09394482, -0.36078649,  0.9753242 ],
       [ 1.17800257,  0.61659446, -2.15945856, -2.22441551],
       [-1.36827054, -0.28082993,  1.04912079,  2.11297085]]), array([[ 8.98196921e-01,  7.63306773e-01, -1.16853129e+00,
         1.20466091e+00, -6.70773400e-01, -1.17415516e+00,
        -2.71540478e-01,  5.30516068e-01, -1.84578440e-01,
         1.48965752e+00, -5.72090065e-01,  1.25654972e+00,
         1.14693857e+00,  4.63316108e-01,  1.01020883e+00,
         1.99777368e-01,  1.40660773e+00,  1.79994362e+00,
         7.02217904e-01, -1.18981220e+00,  1.61593356e+00,
         5.27098326e-01, -2.02526930e-01, -7.40579718e-01,
         4.13634803e-01, -1.15437568e+00, -1.65227523e-01,
         3.49498572e-01, -5.94385866e-01,  1.76788891e+00,
        -2.01669775e+00,  5.56724983e-01,  2.33161473e-01,
         5.62954583e-01, -4.88594921e-01, -4.80544955e-01,
         5.15931719e-01,  1.09069360e+00,  7.67569875e-01,
         4.15915949e-01, -1.41036769e+00,  1.52464554e-01,
        -5.68459831e-02,  4.18500965e-01,  1.17776624e-01,
         1.11623487e+00,  1.12668534e-01,  5.95568081e-01,
         1.94770868e+00, -1.12758771e+00],
       [-5.55073136e-02,  8.75934556e-02,  4.47037187e-01,
        -5.73621567e-01,  1.02882739e+00, -9.00720119e-01,
         3.93045545e-01, -4.27796385e-01, -1.81537667e+00,
         4.56066483e-01, -1.39447432e-01,  6.23255671e-01,
         5.90852305e-01,  1.49820982e+00,  1.01927978e-01,
        -3.19899402e-02, -1.13719202e+00, -2.30620175e+00,
         3.58653116e-01,  3.03594807e-02,  1.08943285e+00,
        -6.11234638e-01, -1.87306015e+00,  2.25335022e-01,
        -7.47773343e-01, -5.83336367e-01,  2.05922590e+00,
         2.12346007e-01,  1.16972512e+00,  7.66073912e-01,
         1.81231226e-03, -5.09759153e-01,  1.18242332e+00,
        -5.60700503e-01,  1.98704627e-01, -1.07497991e+00,
        -5.46726971e-01, -2.29977673e+00,  6.48927992e-02,
         3.15045303e-01, -9.01802438e-01, -9.84564977e-02,
        -6.33444316e-01,  1.39728464e+00, -3.92181592e-01,
        -1.35783513e-01, -4.03266431e-01, -1.57102749e+00,
         1.13405228e+00,  7.25253953e-01],
       [-1.30873051e+00, -4.03095908e-01,  1.03850240e+00,
        -2.85267607e+00, -8.53561178e-01, -5.39678837e-01,
         1.63204782e+00,  1.54485216e+00,  8.31668404e-01,
         4.43774885e-01, -9.71623284e-01, -5.56163240e-01,
        -1.36211132e+00, -1.14958076e+00, -9.45611607e-01,
         2.40747824e+00,  1.25151354e+00, -6.05168573e-01,
        -2.57715897e-01, -6.41633867e-01, -7.90525162e-01,
         1.81729560e-01,  3.94736935e+00, -7.91349081e-02,
        -1.48577768e-01,  1.48307473e-01,  5.81938398e-01,
         2.39434589e+00,  1.81028470e+00,  1.76992245e-01,
         9.49705839e-01,  3.53928004e-01, -1.32151012e+00,
        -8.64928865e-01,  2.80685413e-01,  5.14989959e-01,
         1.53411412e+00, -1.26594486e+00, -3.52757090e-01,
         7.16944618e-01,  2.64856558e-01,  6.55705749e-01,
         1.19270170e+00, -4.62400400e-01, -2.38803063e-01,
        -6.91800574e-01, -1.63271122e-01,  4.37234827e-01,
        -3.95429433e-01,  2.41863350e+00],
       [ 1.24916681e+00, -1.70333584e+00, -5.68684505e-01,
         2.76106483e-01,  1.03373622e-01,  1.53681331e+00,
        -4.12941837e-02, -4.45444705e-02,  3.43583849e-01,
         4.32656161e-01,  1.25403269e+00,  2.16821643e-01,
         9.91740830e-01,  3.55820037e-01,  3.94634709e-01,
        -1.24605620e-01, -8.70008899e-01, -9.41452645e-01,
         7.77180692e-01,  1.50888870e-01,  1.05294110e+00,
         1.84339461e+00,  1.04208529e+00, -1.14658062e+00,
         2.94074098e-01,  4.18361292e-01,  9.59361502e-01,
         1.44134942e+00,  5.24836136e-01, -8.14922600e-01,
        -3.38947949e-02, -1.16954469e+00,  5.01485116e-01,
        -1.66620394e+00, -8.27582719e-01,  1.14854869e-01,
         2.50275499e-01,  5.08051364e-01,  1.07393065e+00,
         2.61304473e+00,  2.53085253e-01, -3.19567310e-01,
        -4.16144071e-01,  1.44726006e-01,  3.98286007e-01,
         8.99579306e-01,  1.50821369e+00,  1.82945362e+00,
         5.53698200e-01, -5.23819858e-01],
       [ 5.32889767e-01, -6.41669322e-01, -1.13609699e+00,
        -1.68119159e-01, -1.05065773e+00,  1.28401562e+00,
        -1.83530069e+00, -1.93986614e+00,  1.03728038e+00,
         2.79374293e-01,  2.35040089e-01, -3.11301257e-02,
         4.19493594e-01,  1.06950144e+00,  8.96806142e-01,
        -2.10788941e-01, -9.85310693e-01, -2.98621501e-02,
         1.40173907e+00,  5.67745743e-01, -2.69013094e+00,
         1.82977071e+00,  2.14623109e+00, -8.83514118e-01,
        -1.43933195e+00,  1.34445317e+00,  4.08459376e-01,
         8.93221980e-01, -1.23884494e+00, -5.23786803e-01,
        -1.42029457e-01,  1.98313697e-01,  8.05843467e-01,
        -6.51968384e-02, -1.83594557e+00,  1.32013878e+00,
         2.38459197e+00, -1.24045520e+00, -5.33361606e-01,
        -9.92122004e-01,  1.30651160e+00, -1.46390622e-01,
        -1.97934840e+00, -5.98380306e-01, -6.01417208e-01,
         7.79511442e-01,  4.54121103e-01,  7.13039456e-01,
         4.96409638e-01,  4.76563253e-01],
       [ 1.56110853e+00,  8.14143672e-01,  7.09313426e-01,
         1.29252998e+00, -3.10805644e-01,  8.85397610e-01,
         1.10659130e-01,  3.06427582e-01,  5.08958106e-01,
        -8.21869546e-01,  1.25239862e+00,  7.04116001e-01,
         7.08238104e-01,  5.99866163e-01, -5.38074764e-01,
        -1.69612759e-01, -1.53441944e-01,  5.96197613e-01,
         3.22513036e-01, -5.02469497e-01,  1.46807476e-01,
        -1.46395306e+00, -5.47724551e-01,  5.49217326e-01,
        -4.52856691e-01,  1.68556326e-01, -5.64782117e-01,
        -1.03714351e+00, -1.58515705e+00, -8.30668814e-01,
         1.14871642e+00,  7.07522659e-01,  6.94962157e-01,
         7.36204811e-01, -6.79599483e-01, -1.11163476e+00,
         5.84730834e-01,  1.22215379e-03,  6.37606067e-01,
        -4.52415540e-01,  1.29952176e+00, -5.65293770e-01,
         1.59419509e-01,  9.39504403e-01,  1.54000739e+00,
         1.27097744e+00, -3.07476731e-01,  6.54473469e-01,
        -1.67588650e+00,  2.04175534e+00],
       [ 1.33893442e-01, -1.30126754e+00,  1.39168045e-01,
        -8.64390572e-01, -2.68931484e-01,  1.37873828e-01,
         7.32059012e-01,  2.45525673e-01, -4.28706590e-01,
        -1.19681257e+00,  1.41010517e+00,  3.90594279e-01,
         2.16196633e-01,  1.68361243e+00,  1.61436608e+00,
         1.41781693e+00,  1.66654009e+00,  8.63034080e-01,
        -1.15703084e+00,  4.12435491e-01, -1.48135124e+00,
         1.59132640e+00, -1.58949110e+00,  7.04578703e-01,
         1.04430111e+00, -1.80229991e+00,  3.61701427e-01,
        -1.11347158e+00,  1.03563307e+00,  1.19972388e+00,
         1.15458005e+00,  2.97791794e+00,  1.06106118e+00,
        -3.70074017e-02, -3.32589639e-01,  3.02561741e-01,
        -1.09602806e+00, -1.87059070e-01, -8.61201167e-01,
         2.39751888e-01,  2.42865856e-01, -7.04361914e-01,
         3.04567656e-01, -4.82364792e-01,  8.51754609e-01,
         6.17293912e-03, -3.70140190e-01,  7.23550194e-01,
         1.34926467e+00, -3.29043207e-01],
       [-6.34128422e-01, -1.52475515e+00, -1.49635552e+00,
         2.70128161e-01, -1.36405358e+00,  1.30409613e+00,
         4.05687106e-02, -1.49836570e+00,  4.08054276e-01,
         1.06571538e+00,  8.61850096e-01,  6.51416202e-01,
        -1.53971306e+00, -2.66660376e-01, -1.95968818e+00,
         4.08042589e-01,  6.73201823e-01,  5.40681219e-01,
         6.85302250e-01,  7.89030250e-02, -1.00632803e+00,
         9.02408595e-01,  5.63331912e-02, -9.41073541e-01,
         6.09677740e-01, -8.90706307e-01, -1.40634057e+00,
         1.30091340e+00, -1.30814946e+00, -4.03926206e-01,
         4.45721069e-01,  6.36092282e-02,  1.98226489e+00,
        -7.43262615e-01,  1.69417654e+00, -1.73639519e+00,
        -7.74308991e-01, -1.21190682e+00, -1.19987908e+00,
         3.30230388e-01,  1.53296419e+00,  1.13245855e+00,
         6.00219069e-01, -4.07346323e-01,  6.15151763e-02,
        -6.90564246e-01, -1.45235634e+00, -1.14752122e+00,
        -5.18856025e-01,  1.78877868e-01],
       [-1.38396790e-01, -6.32192885e-02,  3.19159085e-01,
        -7.88847985e-01,  9.87359163e-01,  3.69883961e-01,
         3.34506033e-01, -2.60368864e-01, -2.38978028e-01,
         1.32282312e+00, -6.00825828e-02,  1.55414831e-01,
         2.87327296e-01,  5.03614964e-01, -6.13005626e-01,
        -1.15812403e+00, -7.66530063e-01,  1.71335484e+00,
         1.41905851e-01,  1.61584807e+00, -5.61428869e-01,
        -2.69458187e+00,  2.11796874e+00,  3.63051646e-02,
        -3.54885533e-01,  1.04550269e+00,  4.56248912e-01,
        -2.69487112e+00,  3.37712761e-01, -1.70777448e+00,
         1.02756371e+00, -2.68577334e-02,  7.20900990e-01,
         5.39095388e-01,  9.68097303e-02,  7.23812627e-01,
         3.85377437e-02,  2.70923545e-02, -3.40827158e+00,
         9.22842317e-01, -5.95460235e-02,  3.11884230e-01,
        -1.33975515e+00,  1.11969023e+00, -9.63380838e-01,
         7.81573139e-01,  2.07276278e-01, -1.00871231e+00,
         4.57379850e-01, -1.39531119e-01],
       [ 5.55947650e-01,  3.18883240e-01, -1.00486288e+00,
         3.87179125e-01,  1.29529465e+00,  1.11485563e+00,
         1.47489592e+00,  1.63611525e+00,  1.50588875e+00,
        -4.86972171e-01, -1.21410844e+00, -2.47646297e-01,
        -8.50203356e-02, -1.07926906e+00,  6.39606842e-01,
        -9.11009521e-01, -4.39844164e-02, -3.21723240e-01,
        -6.68542632e-02, -1.20005139e+00, -1.92443045e-01,
        -1.07250553e+00,  1.13032528e+00, -5.32316194e-01,
        -2.84500681e-01,  1.06319193e+00, -1.26395258e+00,
         6.58149027e-01, -1.67097528e-01,  4.04548940e-01,
        -9.88484638e-01,  1.33426639e+00, -4.07661713e-01,
        -1.72578123e+00,  7.52900085e-02,  6.09832093e-01,
        -1.42595411e+00,  1.69561853e-01,  3.33886887e+00,
        -8.60143331e-01, -1.23071486e+00,  5.61983365e-01,
        -8.46574594e-01, -9.30701729e-01, -6.92264717e-01,
         3.50978187e-01,  6.88153158e-01,  6.27469439e-03,
        -1.02966935e+00,  1.38091675e+00]]), array([[ 0.95308277, -4.00171075,  2.25923628, -0.71503181, -0.98361731,
        -0.72729258,  1.81011465,  0.08273041, -1.96309498,  2.50293096],
       [-3.37212399,  1.24223552,  0.69192063, -0.41334143, -3.55376378,
        -0.40149291,  0.30575965,  1.15214049,  0.54956116, -1.71355039],
       [ 2.56105425, -0.46175068, -4.16237681, -1.62889932,  0.90418904,
         0.52967974,  1.21352787,  1.5083703 ,  1.12064749, -2.3215097 ]])]