[array([[-1.97978107],
       [-0.10333477],
       [-0.06659299],
       [-1.2893562 ],
       [-1.36705348],
       [ 2.86278185],
       [-0.96627548],
       [ 1.29009313],
       [-1.01916534],
       [-0.2083806 ],
       [-0.45765115],
       [-0.49961579],
       [ 0.27671714],
       [ 0.7446347 ],
       [ 0.63857966],
       [-0.35761392],
       [-1.18082248],
       [-0.66925374],
       [-0.16272806],
       [-0.43441717],
       [-0.61656402],
       [ 0.93763116],
       [-1.18618102],
       [ 1.2072681 ],
       [ 1.63119586],
       [-0.93937058],
       [-0.52715164],
       [ 1.56524358],
       [ 2.56457513],
       [-0.59412032],
       [-0.4567623 ],
       [ 0.19780741],
       [-0.99971229],
       [ 1.13720068],
       [-0.74645649],
       [ 0.73408677],
       [ 2.51695626],
       [-0.98262482],
       [ 0.15835603],
       [ 0.48479668],
       [ 0.60573563],
       [ 0.670698  ],
       [-0.86809812],
       [-1.75005776],
       [-1.18003604],
       [ 0.11284732],
       [-1.17966002],
       [-0.99149715],
       [-0.04889871],
       [ 0.3619853 ]]), array([[ 1.55828302],
       [-0.31937977],
       [ 0.56191719],
       [-1.49210066],
       [-0.57497505],
       [-2.69156715],
       [ 0.94413492],
       [ 0.05928824],
       [-0.01089403],
       [ 0.11901581]]), array([[-2.7839099 ],
       [-0.16624761],
       [-0.31412565]])]
[array([[-1.77256528,  0.67089337,  0.39159091, -1.39620072],
       [-0.33784207, -1.33651048,  1.34194368,  0.43279099],
       [ 1.75441644, -0.03939918, -1.60567959, -1.27188564],
       [ 0.6074379 , -0.88578864,  0.54130526,  1.36801635],
       [ 1.04561515,  0.83302946,  0.68706573, -0.50622034],
       [-0.57851005, -1.16878986, -0.99103657, -0.49864723],
       [ 0.55240714, -1.19260265, -0.75232497,  0.56450096],
       [ 0.31614109, -0.38304859,  0.0743791 , -2.06141785],
       [-0.07881817,  1.40474571,  0.31107574, -1.0340837 ],
       [-1.09390634, -0.51105119, -0.29417517,  0.21177297],
       [-1.43694764,  0.20292603,  1.7493315 , -1.56262762],
       [ 1.0888076 ,  1.00704881,  0.56678659, -1.29486563],
       [-0.43114549,  0.63824115,  0.59586232,  2.85690824],
       [ 0.86230413,  0.52002853,  0.25859055, -0.2970538 ],
       [ 0.05277585, -2.19554048,  0.52968363,  1.31383489],
       [-1.13903274, -0.97558544,  0.1173096 , -0.9588323 ],
       [-1.60014353,  0.09236916, -0.22323594, -1.23694515],
       [-0.61126668, -1.82693052,  0.72958026, -0.74324847],
       [ 0.09073385, -1.07483011,  0.40657718,  1.06200841],
       [ 1.15572069,  0.03696   , -1.8539307 ,  0.19838169],
       [-0.31495299, -0.31329867,  2.2981866 , -0.273574  ],
       [ 0.29841423, -2.4065108 , -0.1404656 ,  0.2875396 ],
       [ 0.99318192, -1.20749322,  1.27534173,  0.73286887],
       [-0.88803722,  1.81840933,  1.11178933,  0.3188089 ],
       [-0.79723443, -1.34246302, -0.1881995 ,  0.11009812],
       [ 1.4920467 ,  0.46733446,  1.19017838, -1.233336  ],
       [-0.70451212, -0.95607962,  1.03699761,  0.64636807],
       [ 1.02595334, -0.48019263,  0.05066245,  1.10865485],
       [-2.04706583, -1.05089535, -0.15823619,  0.04727369],
       [-0.61484937,  0.00439059,  0.30113295,  1.75736675],
       [-0.41908457,  1.76680521, -1.47497105,  1.57572201],
       [ 0.22945223,  0.04832387, -1.38812249, -0.06348723],
       [-0.69888177,  0.263701  ,  1.27074166, -0.61772301],
       [-0.75404154, -0.64798214,  0.67224737, -1.52813202],
       [-0.63122198,  0.04221603,  0.95239877,  1.19277291],
       [ 1.71675304,  1.46965012,  1.53900943, -0.03487781],
       [-0.47893691, -0.47333716, -0.02602018,  0.50500605],
       [ 0.06805226,  1.49407563, -0.40696052,  0.28933508],
       [ 1.3805175 ,  0.90475642, -0.40797854,  0.02393936],
       [-0.67613494, -1.1537843 ,  1.22764286,  0.20878778],
       [ 1.89369925, -0.03868925,  1.34620386, -0.27675694],
       [-0.92346676, -1.34924392, -0.28654271,  0.91254357],
       [-1.75311149, -0.68350288,  0.53032096, -1.02940985],
       [ 0.27206763,  0.04545167, -1.6500041 ,  0.41376898],
       [ 0.5896031 ,  1.60920541, -1.02014585, -0.16985928],
       [-0.47282962,  0.57185929, -0.54591781, -0.92788779],
       [-0.25132233,  0.45811211,  1.14099176, -0.01407711],
       [ 0.21957929,  1.82157744,  0.38964011, -0.97221775],
       [-0.30121184,  0.5183968 ,  0.40751701, -0.15239162],
       [-0.90494401,  1.30798912,  2.3122406 , -0.5532476 ]]), array([[-1.41855335e+00,  2.75142784e-02,  2.32272016e+00,
        -5.93459966e-01, -4.62733964e-01,  3.26621978e-01,
         1.43929719e-01, -8.65024405e-01,  8.97695031e-01,
        -1.62444973e+00, -8.30307498e-01, -1.71325658e+00,
         6.18314493e-01,  1.17777180e+00, -8.81523175e-01,
        -1.88737898e+00, -3.98889691e-01, -1.85228343e+00,
        -4.62357788e-01,  2.43965377e+00, -2.19278037e+00,
        -2.78263226e+00, -1.13588557e+00, -1.94993057e-01,
        -2.31813936e-01,  3.61530635e-01,  2.15330854e-01,
        -5.90813677e-01, -8.57239776e-01, -1.87394071e+00,
         3.65794387e-01,  3.73596919e-02, -1.83888011e+00,
         1.30434603e+00, -2.33589187e+00, -8.17890155e-01,
        -4.42122697e-01,  1.19553653e+00,  1.73742744e+00,
        -1.20266950e+00,  3.70428626e-01, -2.72260811e-02,
         1.03739849e+00,  1.06119296e+00,  1.45613035e+00,
         1.09004099e-01,  5.31838398e-01, -6.21859967e-01,
        -5.88104168e-01,  3.02149072e-01],
       [-2.33757493e-01,  7.98515034e-02, -2.13715969e+00,
         4.62139094e-01,  1.31374789e+00,  3.81324571e-01,
        -2.25240707e+00, -5.10627754e-03,  2.69123074e-01,
         2.44784618e+00, -3.12158000e-01,  1.22272550e+00,
        -4.32482274e-01, -2.92099591e+00, -6.45942814e-02,
        -1.24684414e+00,  2.28141826e+00,  2.11264259e-01,
         1.20258843e+00, -3.82059259e-01,  2.72920592e+00,
        -2.44066309e+00,  5.11289763e-02, -1.01032061e+00,
         5.32449273e-01, -1.32498138e+00,  1.03305757e+00,
        -1.85951885e+00, -1.32958968e+00,  1.73458364e-01,
        -1.51138641e-01, -1.85423651e+00,  1.14954753e+00,
        -9.60173328e-01,  1.23810263e+00,  4.69282015e-01,
        -7.62998094e-01,  6.96642131e-01, -5.76862667e-01,
        -5.56458826e-01,  1.35242755e+00,  7.58092726e-01,
        -1.17858747e+00,  8.36196485e-01, -1.10986360e-01,
        -3.24104174e-01,  2.49322680e-01,  1.30317519e+00,
        -4.79584717e-02,  1.51610142e+00],
       [ 1.46597107e+00, -1.44315028e+00, -9.49371941e-01,
         8.83290550e-01,  1.08638016e+00,  3.26189914e-01,
        -1.36424047e+00,  5.77280314e-01, -1.07585577e+00,
        -2.30730971e+00,  9.22053496e-02,  1.16477535e+00,
         1.20459238e+00, -1.95295904e-01, -1.21507434e+00,
        -3.96583747e-01, -6.66909446e-02, -3.00337855e-01,
         1.13835944e+00,  1.95766497e-01, -4.41632042e-01,
        -3.62476567e-02, -7.53491533e-01,  2.97052703e-03,
        -4.89074327e-01,  1.98038598e+00,  5.53693660e-01,
        -1.20551175e+00,  6.64119920e-01, -3.98238367e-01,
        -2.37603432e-01,  9.71290570e-01, -1.81858255e+00,
        -2.62450041e-01,  6.42931473e-01,  9.48576330e-01,
        -2.25130239e+00, -2.28348332e-01,  2.32907378e-02,
         2.40462121e-01,  5.65403772e-01,  1.13450429e-01,
        -3.53698539e-01, -3.05090891e-01, -9.94108546e-01,
         1.44463469e+00, -3.14007793e-01, -4.53044541e-01,
         2.16042945e+00,  7.14189997e-01],
       [ 1.99574021e-01,  1.69185508e+00, -6.96925315e-01,
         1.22326762e+00, -1.13770347e+00,  1.35096387e+00,
         2.82432742e-01, -9.58380233e-01, -3.55031705e-01,
         1.05661284e+00,  5.80989268e-01, -2.78592380e-01,
        -1.46952455e-01, -1.33961198e-01, -3.16213359e-01,
         5.31846915e-01, -9.17124344e-01, -1.00712385e+00,
         1.00681654e+00,  9.82176600e-02, -7.50229908e-01,
         1.29176333e+00,  1.23158520e-01,  1.08209625e+00,
        -5.79589490e-03, -6.67399941e-01, -4.02519732e-01,
         1.23935903e+00,  3.47150192e+00, -1.54410665e+00,
        -1.88993046e+00, -2.25583252e-01,  9.61601346e-01,
         1.53667150e+00,  7.68773789e-01,  2.02441978e-01,
         7.03580491e-01, -1.34789097e+00, -6.03075231e-01,
        -1.56510172e+00, -1.32381957e+00,  5.33191387e-01,
         2.08349446e-01,  3.20035088e-01, -7.10546510e-01,
         1.24379014e+00,  1.55122155e-01,  8.16236046e-01,
         6.40038830e-01, -1.37032194e-01],
       [-4.24840049e-01,  9.03894575e-01, -1.75746432e+00,
         4.52026340e-01, -9.12545585e-02, -2.25389720e+00,
         1.43011240e+00, -1.28647531e+00,  8.35410831e-02,
         4.24966000e-01,  1.00575553e+00,  1.44191388e-01,
         8.35939872e-02, -2.21530060e+00,  1.82211512e-01,
        -1.61348668e+00,  5.86886447e-01, -4.98036024e-01,
         2.92112514e+00, -3.07140437e-01,  4.54116497e-01,
         1.83113911e-01,  1.93053660e+00, -1.21754533e+00,
        -9.13662541e-01, -8.06507373e-03,  7.90831749e-01,
         7.67707456e-01,  1.17391395e+00,  1.17914615e+00,
        -1.10363824e+00,  6.91643444e-01,  8.97032260e-01,
         3.52905219e-01,  3.19904024e-01,  1.54654792e+00,
        -6.69411125e-01,  3.58116400e-01,  1.95346474e+00,
         2.26233595e+00,  5.28021045e-01,  3.12974026e-01,
        -1.51742577e+00, -1.56743304e+00, -6.34223094e-01,
        -7.02289621e-01,  1.56992932e+00, -9.75169758e-01,
         4.50327789e-01, -1.59792601e+00],
       [-1.20411682e+00, -1.21451688e+00,  5.26004687e-02,
         1.08321920e+00,  8.85406001e-01,  8.69776994e-01,
        -6.02707812e-02,  7.60479679e-01, -1.54563913e+00,
        -8.35027092e-01,  2.14373755e+00,  3.70478297e-02,
        -2.99753969e-01, -1.04972565e+00,  1.49589335e+00,
        -4.09175887e-01,  2.80552152e-01,  1.51949658e+00,
        -3.12160665e-01, -1.34849113e+00,  1.81350781e+00,
         2.74241590e-02, -9.31354198e-01, -1.21208481e+00,
         2.56501301e+00, -6.69318529e-01, -3.48122779e-01,
         7.78948730e-02,  9.12497476e-01, -2.52702544e-01,
         4.20932561e-02,  2.42783179e-01, -1.42130973e+00,
         8.23633136e-01, -2.89841390e-01,  2.37554648e+00,
         9.65159443e-01, -1.23724330e+00,  8.97492957e-01,
         1.10441215e+00,  8.60403640e-02,  1.14274125e+00,
         2.76316843e-01,  1.95149179e-01, -6.09605802e-01,
         2.31410183e-01, -4.33899576e-01, -2.70824592e+00,
         2.21386701e+00, -1.21418064e+00],
       [-1.30287416e+00, -2.57528923e-02,  4.48010557e-01,
         2.02508967e-01,  2.20338879e-02,  1.15011972e+00,
         1.90457471e+00,  1.78506805e-01, -1.29899024e+00,
        -1.52016017e+00,  2.25106456e-02, -1.14530775e+00,
         5.05283873e-01, -6.63245426e-01,  1.75697080e-01,
        -3.44691662e-01, -1.70494434e+00,  2.22844055e+00,
        -8.79059757e-01,  1.32207458e+00, -1.06835838e+00,
         1.06981361e+00, -4.60060101e-01,  8.28615544e-01,
         2.05807025e-01, -1.23338771e+00,  3.45696739e-01,
         7.03812797e-01, -3.47878945e-01, -8.35043968e-02,
        -3.06281396e-01, -9.32397723e-01, -1.12416483e+00,
         4.38563201e-01, -1.89195440e-01, -6.12664621e-01,
        -3.81441606e-01,  3.88750077e-01, -1.12122467e-01,
         1.21897155e+00,  3.89471533e-01,  9.86071398e-01,
         1.34474156e+00,  1.71049129e+00, -7.61911475e-01,
        -9.08759829e-02,  1.01436035e+00, -6.93890288e-01,
        -7.18666702e-01,  2.69194172e-01],
       [-5.82587917e-02, -1.37949640e+00,  1.19885615e+00,
        -1.28440322e+00, -2.49634504e+00,  2.05551496e+00,
         3.20137030e-02,  1.41295482e+00,  8.95094735e-01,
        -5.04213705e-01, -8.29269923e-01,  1.53492742e-01,
         5.43688900e-01, -3.25662519e-01,  5.96382981e-01,
        -1.57909047e+00, -1.43493452e+00,  4.43419306e-01,
         5.65033194e-01,  1.27367642e+00, -1.10246798e+00,
         1.15381918e+00, -1.28412195e+00, -2.07889275e-01,
         2.24353379e+00,  3.15891313e-02,  1.27383204e+00,
         1.75494383e+00,  1.22783809e+00, -8.64782757e-01,
         5.62047773e-01,  4.12850326e-01,  3.98233359e-01,
         9.84419192e-01, -1.90999956e+00, -8.26997990e-01,
        -1.16161732e+00,  4.17022347e-01,  1.19898580e+00,
        -5.91974563e-01,  8.93906348e-01,  8.12084391e-01,
        -5.94193312e-01, -1.01681514e+00,  3.60463266e-01,
         1.24686443e-01, -6.22724567e-01, -1.11506172e+00,
        -3.28552483e-01, -3.52944675e-01],
       [ 5.87309969e-01,  1.68773211e-01,  1.02833930e+00,
         2.20806933e-01, -2.31758083e+00, -2.08849861e+00,
        -9.80801491e-01,  5.43259992e-02, -3.34497182e-01,
         1.06978226e-01, -2.19023855e-01,  2.06216793e-01,
         1.45283923e-01,  4.53630541e-01,  5.34565001e-01,
        -1.30003101e+00,  7.00403797e-01, -6.91272589e-01,
         5.66505125e-01, -7.18380632e-01, -6.94657963e-01,
        -6.35015285e-01, -1.21893640e-01,  7.70746320e-01,
         4.74470923e-01, -6.07876506e-01,  6.66846838e-01,
        -1.52616990e+00, -8.30773381e-01,  7.45063196e-01,
        -1.58021227e-01,  6.53434359e-01, -1.55731929e-01,
        -1.12946800e+00, -4.47064397e-01,  6.56181244e-01,
        -2.40488549e+00, -1.65324136e+00, -1.14869852e+00,
         1.47444942e+00,  1.18475317e+00, -6.14662521e-01,
        -2.81056974e-01,  1.22419038e+00, -2.07469819e-01,
        -1.70078903e-01,  1.01243972e+00, -1.02341955e-01,
        -6.43308067e-01, -6.91555301e-01],
       [-1.81716523e+00,  1.14123009e+00, -1.15091704e+00,
        -1.93846859e+00, -1.51308951e+00,  6.41839237e-01,
         2.58284707e+00,  5.43979823e-03,  1.99000271e+00,
         1.32955553e+00, -1.96378043e-01, -6.12518184e-01,
         1.55966117e+00, -9.08070776e-01,  1.21173327e+00,
        -9.03661177e-01,  1.23383655e+00, -1.44176870e+00,
         1.44134559e-01, -5.56906108e-01,  1.35034257e-01,
        -7.94186889e-01,  5.15374011e-01,  7.53246006e-01,
         8.75814182e-01, -8.71590631e-01, -1.76261423e+00,
         7.62111217e-01,  3.12887246e-01,  3.23515023e-01,
        -1.51541382e+00,  4.20183171e-01,  5.11429530e-01,
         1.56994811e-01, -5.67089794e-01,  2.79583213e-01,
         2.59382047e-01, -1.55362570e+00, -3.15559073e-01,
         2.02634346e+00, -3.95153061e-02,  1.49157942e-01,
        -7.07148186e-01,  5.96738764e-01,  3.36701197e-01,
        -1.02596071e+00, -1.83653492e+00, -3.17528441e-01,
        -6.77340851e-01,  3.47271534e-01]]), array([[-2.899745  , -1.04191339, -1.67364121,  2.3525795 ,  0.52562687,
         2.26924714,  0.96517724,  2.02279793,  0.14154162,  1.94228693],
       [-0.3515299 ,  2.83361323, -0.15904749, -1.39144439,  2.13994541,
        -0.94491587, -1.46792326, -3.51698756,  0.46061406,  0.05456778],
       [ 3.64280966, -1.16332719,  0.41622628, -0.74882877, -3.19767383,
        -1.28684218, -1.16279001,  1.11675715, -0.55987813, -0.42433159]])]