[array([[-1.7652063 ],
       [ 1.14985457],
       [ 0.15575874],
       [-0.21570127],
       [-0.27788691],
       [ 0.41856111],
       [-0.99832946],
       [ 1.23176372],
       [-0.01037749],
       [ 0.7983741 ],
       [-1.23456561],
       [ 0.35891324],
       [ 1.92210265],
       [-1.1554856 ],
       [ 0.99247094],
       [ 1.45033375],
       [-0.32674516],
       [-1.10396346],
       [ 0.41872576],
       [-0.10238353],
       [ 0.01410254],
       [ 0.11904465],
       [-0.21873982],
       [-2.49504739],
       [-0.34780927],
       [ 1.64214151],
       [ 1.76895721],
       [-0.30675722],
       [-2.04556224],
       [-0.5455459 ],
       [ 1.36534274],
       [ 1.47855288],
       [-0.05001287],
       [-0.01636522],
       [ 1.02576023],
       [-1.60624342],
       [ 0.54930359],
       [-0.16560608],
       [-0.10797696],
       [-1.93646306],
       [ 0.60704194],
       [ 0.77296157],
       [-0.21738957],
       [-0.36609097],
       [-0.72238153],
       [ 0.80582164],
       [-0.30938667],
       [-0.57039223],
       [-1.10254053],
       [ 0.31875874]]), array([[-0.07317867],
       [ 0.63848959],
       [-0.67957844],
       [-2.20358523],
       [ 1.06142517],
       [-0.82148199],
       [ 0.63422454],
       [-2.54339144],
       [-0.35386665],
       [-0.20819457]]), array([[-3.60595988],
       [-1.01103915],
       [ 1.1787635 ]])]
[array([[ 0.34004544,  0.58217934,  1.07474835,  0.4768684 ],
       [-0.86554938, -1.05503231,  1.56488272, -0.20194042],
       [-0.18198538, -1.16872979, -0.17687953,  0.47012778],
       [ 1.04258192, -1.39957077, -0.47110139, -0.30140295],
       [ 1.81641106, -0.59579014, -0.75344832, -1.47306546],
       [ 1.9441262 , -0.14705254,  1.5952825 , -0.77525427],
       [-1.77139624,  0.27130778,  0.91591779, -0.98948617],
       [ 0.29415861, -0.40792319, -0.53737895, -1.42848629],
       [ 2.19556946,  1.1925692 , -0.87243022,  1.35549523],
       [-0.90549181,  0.53609864, -2.72680601, -0.46003297],
       [-0.11310026,  1.1022027 , -0.28801978,  1.4851969 ],
       [ 2.08584323,  0.07132627,  1.89095457, -0.53922039],
       [ 0.66076903,  0.32106332,  0.89246774, -0.58032708],
       [ 1.09037236, -0.17724754,  0.5220801 ,  0.70593664],
       [-0.80783853, -2.19349283,  0.5005384 ,  0.75689472],
       [-0.44344046, -0.28498491, -0.19654891, -0.96114452],
       [ 0.71303935, -1.17671853, -1.0436571 , -0.50671605],
       [-1.58004886, -1.64268953,  0.04350271, -0.6383438 ],
       [ 0.01396828,  1.09259849, -2.20801297, -0.65968075],
       [ 2.55959176,  0.23477358,  1.60514209, -0.15791352],
       [-0.86022145,  0.57206575,  1.54075222, -0.76532969],
       [ 0.53191852, -0.65819515,  0.45097058, -0.44421641],
       [ 1.34619052,  0.34664555, -1.14778407, -0.30741832],
       [ 1.68911166,  1.33552127,  0.20203488,  0.08859999],
       [ 2.62295645, -1.12840563,  0.55511223, -1.4001512 ],
       [-2.29342696, -0.40113758,  2.14988851,  0.95436438],
       [-0.97325492, -1.70735715,  1.40390998, -1.10754554],
       [ 0.6176573 ,  0.80696293,  1.11209092, -1.2295773 ],
       [-0.76689647, -0.2179243 , -0.72255725,  1.1747386 ],
       [ 1.09104054,  0.67101603,  1.62169164,  1.87982476],
       [-0.34077514, -1.79901806, -0.8533282 ,  0.21020384],
       [-0.59068044,  0.57506397, -2.27021886,  0.39402781],
       [ 0.57721436,  0.39547022,  0.5771258 , -0.20811851],
       [-0.26167177,  0.35606209, -0.01237815, -1.32645536],
       [-0.22816842, -1.82133167, -0.34052469,  0.53251173],
       [ 0.15662943,  0.65143098,  2.08334236, -0.27982414],
       [-1.10076258, -0.18808145, -0.7505587 , -0.75066556],
       [-0.84947073,  0.03718888,  1.64021277, -0.17279402],
       [ 0.36627804,  1.7828343 ,  0.78420703,  0.20759973],
       [ 1.73004727, -1.09488358,  0.6763821 ,  1.39373814],
       [ 0.00808316, -1.90521884,  1.21378145, -0.63946963],
       [ 0.34299035,  1.13759192,  1.17445919,  1.91780815],
       [ 1.91026827, -0.4819441 ,  1.64645978,  0.91195192],
       [-0.61302344, -0.84454508, -1.4780102 , -0.57229844],
       [-1.01817851,  0.37901538,  1.37476735,  0.36622027],
       [-1.1650987 ,  0.04453459, -0.86131126,  1.70527583],
       [ 1.2113667 ,  0.74675994,  0.51967887,  0.21604558],
       [ 0.53531009, -0.51606637,  0.55924347, -1.12484398],
       [ 1.21149994, -0.87624562,  0.43401457,  1.22688675],
       [-0.35488038, -1.76271975,  3.34901953,  0.84531353]]), array([[-1.50889413e+00, -1.39744362e-01,  1.13006725e+00,
         1.53196226e+00, -6.01068671e-02,  1.31442436e+00,
        -7.84501093e-01,  1.40111014e+00,  2.87862818e-01,
         1.25079494e-01, -1.77150271e+00, -9.89926353e-01,
         8.37418352e-01, -1.43727702e+00,  2.08140804e+00,
         1.19867674e+00,  1.18271062e+00, -1.03280582e+00,
         1.21895598e+00, -3.94704849e-01, -5.49779096e-01,
        -5.77915731e-01,  7.94002549e-01, -2.80505172e+00,
         1.73158537e-01,  2.68360066e+00,  1.11883640e+00,
        -5.85339771e-01, -7.47528251e-01, -9.49744567e-03,
         1.11572091e+00,  8.14805929e-01, -1.78105179e-01,
        -6.40461011e-01,  1.35771852e+00, -1.48467612e+00,
         6.74796981e-01, -1.52515541e+00, -2.28299173e-02,
        -1.06811803e+00,  8.66413978e-01, -4.16021545e-01,
         8.63212930e-01, -2.89330454e-02, -1.56923251e+00,
        -1.04914443e-01,  1.46654261e+00,  3.12127692e-01,
        -4.19215728e-01,  4.38376441e-01],
       [-1.08581895e+00, -5.49160219e-01, -1.18925589e-01,
         3.38909817e-01,  3.32250580e-01, -5.11390486e-01,
         6.21740153e-01,  1.57002985e-01, -2.12952222e+00,
         3.35594016e-01, -3.23682391e-01,  6.34646042e-01,
         9.15229505e-01,  4.28069060e-01,  3.96178387e-01,
        -1.72141907e-01,  4.12149366e-01,  3.45003557e-01,
         1.02402619e+00, -1.02696117e+00, -7.40792148e-01,
         9.99981195e-01,  3.23073862e-01,  6.26057195e-01,
         5.81947120e-01, -3.49853091e-01, -1.56181944e-01,
        -7.03949222e-01,  1.42755370e+00,  1.24663456e+00,
         1.20661788e-01,  7.44259835e-01, -5.83110260e-02,
         2.09604147e+00,  2.29037362e-01,  2.99612613e-01,
         8.15739046e-01, -1.35631388e-01, -1.22104458e+00,
        -1.96855523e+00,  1.37857909e+00,  4.43811610e-01,
         6.30932240e-01,  7.87825550e-01,  1.33415486e+00,
        -1.34116936e-01,  1.29565339e+00, -4.11033826e-01,
        -8.68969822e-01, -1.71775658e+00],
       [ 6.04165997e-01,  7.22937884e-01,  1.06919883e+00,
         1.70056242e-01, -1.25676071e+00,  2.87569210e-01,
        -1.81451126e+00, -5.07652752e-01, -5.09711793e-01,
        -6.33935017e-02,  1.00645882e+00, -5.64340977e-01,
        -7.60205131e-01,  2.18843238e-01, -2.11129855e-01,
         9.29981854e-01, -1.32394223e+00,  1.25748751e+00,
        -7.33998116e-01, -5.36499627e-01, -2.47564966e-01,
         3.17929407e-02, -6.90632384e-01,  1.17981280e-01,
         3.28933250e-01,  2.18084253e+00,  2.13118088e+00,
        -1.00159139e+00,  1.13574032e+00, -7.48250557e-01,
        -2.65213261e-01,  3.61295420e-01,  7.36691900e-01,
        -6.99608883e-01, -1.07812691e+00,  6.36251014e-01,
         8.70124154e-01,  1.61457914e+00, -3.18063006e-01,
         2.60286518e-01,  9.44553428e-01,  4.63460339e-01,
         8.72533780e-02, -7.58721017e-01,  1.23714001e+00,
        -3.15205367e-01, -1.67115625e+00, -4.81073272e-01,
         5.50706135e-01,  2.87875725e+00],
       [-1.48681259e+00,  2.01127050e+00, -4.80370763e-01,
         4.26836109e-01,  6.26106150e-01, -1.46713970e+00,
         8.56256025e-01,  5.44306995e-01,  1.03743824e+00,
        -2.05284025e-01, -4.36153532e-01,  2.37248022e-01,
        -1.15125844e+00,  4.61248069e-01,  1.03433371e+00,
        -1.79202337e+00,  1.39436888e+00,  9.33426910e-01,
        -1.55302844e+00,  9.60467170e-01, -6.91293579e-02,
         9.76180448e-01, -6.99694546e-01, -8.48718243e-01,
         8.54654737e-01,  1.56440955e+00,  1.26618041e+00,
        -1.23783277e+00,  7.18531407e-01,  7.49125734e-02,
         1.19389723e+00, -5.76015021e-01,  5.69592822e-01,
         1.04638537e+00,  9.85610303e-03, -2.57087167e+00,
         9.80536150e-01,  1.78253819e+00,  1.96611080e-01,
        -4.05421403e-01, -7.94193260e-01, -4.44842022e-01,
        -1.04631464e-01,  1.63690548e+00,  1.62539288e-01,
         1.46795679e+00,  4.83754456e-01,  6.52649497e-01,
        -2.87598767e-01,  4.90446141e-01],
       [-2.12911734e-01,  2.11772564e+00,  5.66483852e-02,
         6.34104330e-01,  6.39950968e-01,  9.72806673e-01,
         2.73348902e-01, -5.98288819e-01,  7.05941489e-01,
        -7.49143904e-01, -1.53336523e+00, -1.25392154e+00,
        -4.39624714e-01, -2.57781603e-01,  3.71314188e-01,
        -4.83827557e-01, -1.85426568e+00,  9.08635666e-01,
        -6.46857719e-01,  1.42099628e+00, -3.36666539e-01,
         6.44395065e-01, -5.47522806e-01, -7.74388736e-01,
        -4.83116587e-01,  5.65933469e-01, -7.79552636e-01,
        -5.54653810e-01,  1.91622331e+00, -1.96140877e-01,
        -1.25452384e+00, -1.63174543e+00,  5.76703698e-01,
        -1.18978559e+00,  1.91477872e+00,  5.99030062e-02,
         3.67588070e-01,  2.07960588e-01, -4.24599765e-02,
         5.73102012e-01,  2.11689526e+00, -4.75576148e-01,
        -9.74026464e-01,  5.69965328e-01,  1.50322773e+00,
         2.07625389e+00, -1.36035222e+00, -3.23879121e-01,
         1.22287843e+00,  8.53230437e-01],
       [-1.54938604e-01,  3.78200211e-01,  1.81176559e-01,
         1.60625699e-01, -1.10101615e+00, -1.06529476e+00,
        -2.34622979e+00,  1.39358292e+00,  3.48792952e-02,
         1.99332934e+00,  2.15525120e-01, -1.33117905e-01,
        -6.88716987e-01,  2.08657500e+00,  2.29783277e-01,
        -2.59575591e+00,  1.53808685e+00, -7.01002745e-01,
        -4.87745135e-01, -1.29849873e+00, -4.42025484e-01,
         7.73312282e-02,  7.96515690e-01,  1.65634496e-01,
        -3.85905653e-01,  2.12987821e+00, -2.53906517e-01,
         8.18095603e-01,  7.50697270e-01, -6.25574463e-01,
         2.31658359e+00, -1.74857111e+00, -2.26020871e+00,
         5.31777526e-01, -2.72109019e+00,  1.05914183e-01,
         4.43419256e-01,  1.00439713e+00, -1.39007414e+00,
        -1.10335990e+00, -7.83074009e-01,  1.86097218e+00,
         3.12076493e-02, -4.81330487e-01,  2.39240692e-01,
        -1.97301312e+00, -6.91023888e-01, -1.36693754e-01,
         5.69866725e-01,  2.87355532e-02],
       [ 8.51175158e-02,  7.12361065e-02,  3.57072496e-01,
         7.30616309e-01,  6.65759360e-01, -9.95687382e-02,
         1.99986097e+00, -3.60803514e-02, -5.66975313e-01,
         2.20634889e-03,  1.45526896e+00, -6.28620038e-01,
        -3.19334173e-01,  3.12570497e-01,  1.30883438e-01,
        -5.09170540e-01,  4.99663609e-01, -7.46358120e-01,
         3.23809518e-01, -1.62069146e+00,  1.43955416e+00,
         1.94230210e-01,  1.99249207e+00,  2.42661580e+00,
         9.63695150e-01, -8.07095279e-01, -1.05216283e-01,
        -5.55952479e-01, -1.79856300e+00, -1.01320431e+00,
        -4.20185551e-01, -1.39425865e+00,  3.26889599e+00,
        -7.11633455e-01, -2.82265822e+00, -1.04811370e+00,
        -4.88420959e-01, -5.61153789e-01,  1.99666032e-01,
         1.36088323e+00, -2.13864548e+00, -7.48158447e-01,
        -9.30847222e-01, -2.04842454e+00, -7.39317169e-01,
        -1.39910717e+00,  2.39308982e+00,  7.25907278e-01,
         5.03935017e-01, -8.27214190e-01],
       [ 1.73308471e+00, -6.18734974e-01, -1.60906155e+00,
        -5.70519255e-01, -5.76114845e-01,  6.03531713e-01,
         4.24018014e-01, -8.43539985e-01, -1.22986168e+00,
        -9.16133222e-01,  8.62909400e-01, -1.84557404e-01,
         1.81112412e-01,  2.11712643e+00, -1.03969755e-01,
         1.08813171e+00,  1.92324585e+00, -1.09359550e+00,
         1.54485000e+00, -1.15509087e+00, -1.50054520e+00,
        -6.96236393e-01,  1.43208648e+00,  1.63785618e-02,
        -6.12657318e-01,  8.65598367e-01,  1.01670471e+00,
        -1.47587522e+00, -9.88928673e-01, -8.73212197e-01,
         1.40487713e+00, -1.12969914e-01, -1.62715633e+00,
        -1.17254002e+00, -1.16614770e+00,  1.46699844e+00,
         2.61609288e+00, -2.68369539e-01,  8.24892899e-02,
         1.06218225e+00,  4.29844552e-01,  6.87904714e-01,
         1.12199341e+00, -1.46329919e+00, -6.87990788e-02,
         2.98357769e-01, -4.98300271e-01, -2.45901453e+00,
        -1.40794030e+00,  2.55486053e+00],
       [-8.07207760e-01, -6.45204779e-01, -1.38738321e-01,
         7.90832780e-01, -4.54809789e-01, -4.82353107e-01,
         5.43585194e-01,  2.61986603e-01,  7.03843126e-02,
        -5.88969108e-01,  6.37898360e-01,  5.01539339e-01,
        -3.06674597e-01,  8.46680899e-01, -1.03536494e+00,
         1.23001640e-02,  1.06109250e+00, -6.27372226e-01,
        -1.30630005e+00, -1.19477792e+00,  6.79135496e-01,
         1.19471685e+00,  7.77511370e-01,  4.76648496e-01,
         7.46665421e-01, -1.06562708e-01,  1.33595910e-01,
        -1.08292648e+00, -1.26310562e+00, -1.87419319e-01,
         1.08999473e+00, -6.63086200e-01, -1.03662384e+00,
        -5.41346026e-01, -1.53391169e-01,  6.60885803e-01,
         7.13243612e-01, -9.49161683e-02,  5.60944153e-01,
        -9.91881473e-04,  1.79661477e-02, -6.66391105e-01,
        -7.59959241e-01, -9.53628192e-01, -6.52924729e-01,
        -7.48417691e-01, -9.30432488e-01,  1.08866384e+00,
        -1.70653377e-01, -2.37344928e+00],
       [-2.00194137e-01, -1.73430771e+00, -3.57330920e-01,
        -6.50548566e-01,  4.92722604e-01, -8.26031026e-01,
        -1.59075036e+00,  8.00850570e-01,  3.63820363e-01,
        -1.96330002e-01, -1.27049772e+00, -6.02501948e-01,
        -4.03637570e-01, -6.31466060e-01, -7.29568551e-01,
         7.37754659e-01, -7.18704980e-01, -2.80856151e+00,
         5.84123978e-01,  1.82585425e+00, -1.53617646e-01,
        -4.86616308e-01, -1.40377985e+00, -1.03288723e+00,
         8.35571334e-01,  7.38425077e-01,  4.49933230e-01,
        -8.85171421e-01,  1.04809892e+00, -1.97618437e+00,
        -1.09811561e+00,  3.96490609e-01, -4.02074689e-01,
        -1.80729594e+00, -4.85067757e-01, -1.31001708e-01,
        -5.55665491e-01,  1.62472544e+00, -9.57514662e-01,
         8.77396941e-02,  5.11117426e-01, -9.91590788e-01,
        -6.39955781e-01, -1.27351758e+00, -1.10336087e+00,
        -9.77426527e-01, -1.35640634e+00, -4.37524651e-01,
         1.07093068e+00, -8.64591785e-01]]), array([[ 4.34527232, -0.79092645,  1.2504605 ,  2.90372466,  1.11010925,
        -1.86398928, -3.08750959, -0.99172579, -0.13938618,  0.77447119],
       [-5.82913122, -3.07026899,  2.59862259,  1.47779186,  1.29422885,
        -0.8147112 ,  1.13282952,  0.74092118, -0.28301503, -0.61739366],
       [ 0.35632888,  1.69219643, -4.35958869, -2.12171049, -2.19749107,
         0.9914794 ,  1.31816291, -1.46583891, -0.43994502,  0.67434929]])]