[array([[ 0.55711148],
       [-0.89201587],
       [-0.39434143],
       [ 0.26943879],
       [-1.11984775],
       [ 0.13121882],
       [-1.0595925 ],
       [-1.06743921],
       [ 0.75706665],
       [ 0.63115624],
       [ 2.27664789],
       [-1.13105613],
       [-1.00303952],
       [ 1.24411814],
       [ 1.22512423],
       [-0.35482582],
       [-0.47620599],
       [-0.49111707],
       [ 0.67343944],
       [-0.09182312],
       [ 1.43581893],
       [ 0.27553756],
       [-0.18007944],
       [ 0.19083883],
       [ 1.09034434],
       [-0.98200504],
       [ 1.1723045 ],
       [ 0.47102885],
       [ 0.97161249],
       [ 0.62836369],
       [-0.09915528],
       [ 1.7461148 ],
       [-0.20468716],
       [ 1.16599921],
       [ 0.21540538],
       [ 1.80698893],
       [ 1.05739956],
       [-0.18393402],
       [-0.2264025 ],
       [-1.72525208],
       [-0.23458265],
       [ 1.2277306 ],
       [ 0.82036333],
       [-0.76946666],
       [ 1.2006265 ],
       [-0.1043781 ],
       [ 1.78293704],
       [-0.32830455],
       [ 1.7561745 ],
       [ 1.90489614]]), array([[-1.71193747],
       [-0.53425169],
       [ 0.85283785],
       [ 0.11689057],
       [-0.23087379],
       [-0.46525482],
       [-0.37465464],
       [ 1.15750434],
       [ 1.06732388],
       [-0.65614403]]), array([[ 0.09694918],
       [-1.02692491],
       [-0.03688361]])]
[array([[-0.16201836,  0.43103244, -2.15861174,  0.07363797],
       [-0.73651412, -0.32725811, -0.08799423,  1.33448162],
       [ 0.29151141, -1.71590322, -0.30611207,  1.2274154 ],
       [ 1.03251542, -1.23238633,  0.1513526 , -0.79650829],
       [ 0.79497059, -0.51617646,  0.05633094, -2.35117984],
       [-1.08582699,  0.19283213,  0.78283709,  0.97263976],
       [-0.01273384, -1.05843445,  0.27685598,  0.11525297],
       [ 1.78394219,  0.03898841, -1.22166278,  1.44830843],
       [-1.06506292, -0.64848539,  0.81295948,  1.59968831],
       [ 1.67820465, -0.31223753,  0.27371755,  1.1767017 ],
       [-1.1371514 , -0.69164752,  1.68325459, -0.39061408],
       [-0.33527561, -0.43147762,  2.6871793 ,  0.2208848 ],
       [-0.61589634, -0.6728084 ,  1.14207042,  1.15190224],
       [-0.68333128, -0.08268949, -1.03671944, -0.50552847],
       [-1.61202609, -0.01876468, -0.26068981, -0.50555035],
       [-0.35243458, -0.42232243, -0.45589584, -0.01415679],
       [ 0.16559583,  0.64382579,  0.14940777, -1.25370856],
       [ 0.43299232, -0.33161868, -1.43981419,  0.26325354],
       [ 0.23125686,  0.79834074, -0.61779995,  0.58050535],
       [ 1.13554308, -0.31950354, -0.3297506 , -1.76061203],
       [-0.50483364, -0.92914881,  0.02399577, -1.25927973],
       [-0.00779966,  1.15180891,  0.11893316, -1.86960958],
       [-0.95018338, -0.36068782,  2.27825707,  0.41365184],
       [-0.78834396,  0.47791681,  0.36224133, -0.16728215],
       [ 0.24666883,  0.71809365, -0.31102839,  0.06278669],
       [ 0.54226969,  0.25711147,  0.49201232,  0.98006273],
       [-1.15419884, -0.42181289, -1.30231759, -0.94668829],
       [-1.34852775,  0.15567498, -0.30679463,  1.92168589],
       [-1.52925244,  0.16122489, -0.58539546, -0.35224537],
       [ 0.7502466 , -0.04101445,  0.06718127, -0.24346823],
       [-0.98326688,  0.44059246, -0.70486631, -0.55889595],
       [-0.48490097, -1.72182275,  0.66773438, -1.15299574],
       [ 0.13849075, -1.75303643,  1.93204057,  1.51013073],
       [-0.775044  ,  1.65034757,  0.66487711,  1.40940719],
       [-0.60748474, -0.2555727 ,  0.62184904,  0.22201703],
       [ 0.37175197, -0.44726107, -1.28270494, -1.04759544],
       [-1.33333755,  0.32366261,  0.19000731,  1.45993207],
       [-1.06164094, -0.84331108, -0.38468238, -1.81034915],
       [ 0.46198877,  0.21616749, -2.00969511, -0.27149248],
       [-0.34958117, -0.9520194 , -2.30273584, -0.51057352],
       [ 0.14597874, -1.4882985 ,  0.00682719, -0.00865981],
       [-0.92127027, -1.69382522,  0.15158804,  0.92272898],
       [ 1.6532773 , -0.63114551, -0.62989542, -0.98662098],
       [-2.4859064 , -0.87992746, -2.09165098, -0.12977395],
       [ 0.24082532,  1.00285102, -0.25606775, -0.00373146],
       [ 0.31936831,  0.98233106, -0.17691423, -0.20246409],
       [ 0.49552146,  0.91742509,  0.68904699,  0.40044517],
       [-0.36701604, -1.45053879, -1.01655453, -0.71672976],
       [-0.14514421,  0.18052253, -0.83202538, -1.85162617],
       [-0.60633854,  1.00463094,  0.28811828,  0.45653124]]), array([[-1.04874987e+00,  6.21772534e-01,  5.95714582e-01,
         2.13124361e-01, -5.59590459e-01,  7.53179066e-01,
        -2.58252407e-01, -1.08670774e-01,  2.03476532e-01,
         7.61547897e-01, -2.80643694e-01,  1.53682491e+00,
         6.55380279e-01, -2.85638279e+00, -1.39386761e+00,
        -3.56399566e-01, -3.44476839e-02, -5.82450281e-03,
         8.77831465e-01, -5.96205284e-01, -2.13380354e-01,
         1.86914680e-01,  2.23780669e+00,  1.89990634e-01,
         1.01074171e+00,  4.28662689e-01,  1.09918237e+00,
        -3.41111045e-01, -4.59088226e-01, -7.46780733e-01,
         1.01837792e+00, -2.43715112e+00,  1.96549602e+00,
        -1.21072221e+00,  2.53962868e-01, -1.28909601e+00,
        -6.86130106e-01,  9.54272648e-01, -8.02216363e-01,
        -1.64271772e+00, -3.00590201e-01, -1.27707237e-01,
         2.48367410e-01, -1.36821265e+00, -2.01353670e-01,
         1.03655805e+00, -1.81203312e+00, -7.94716364e-01,
         1.16502380e-01, -1.41388596e-01],
       [ 9.62539233e-02,  4.18860882e-02,  1.00119414e+00,
         4.94736482e-01,  4.83056859e-01,  1.46981586e+00,
        -9.86062903e-01, -1.30829070e+00,  2.04745649e+00,
        -3.03686853e-02,  8.16650461e-01,  1.22637057e+00,
         1.17779969e+00,  3.22745667e-01,  1.40704658e-01,
         3.71518752e-01, -2.19100902e-01, -1.71493150e+00,
        -2.91752706e-01, -5.32329854e-01,  1.65267137e+00,
        -1.82129384e+00,  1.49863641e+00,  9.70618988e-01,
        -2.61721958e+00,  4.56689936e-01,  1.94956934e-01,
         9.17819313e-01,  7.77837300e-01,  1.07542237e+00,
        -9.94398269e-01,  1.99869066e+00,  1.61600624e+00,
        -1.54597786e+00,  1.93912634e+00, -9.35496365e-01,
        -9.70649722e-01,  3.87072330e-01, -2.06702961e+00,
         6.43465205e-01,  1.28965356e+00,  5.69122527e-01,
        -9.22823917e-01,  2.40403927e-01, -4.92706224e-01,
        -1.04282976e+00,  1.24980465e+00,  1.85914610e+00,
        -8.53512050e-01,  9.66490238e-01],
       [ 6.23531901e-01, -6.32138398e-01, -1.03776838e+00,
         1.09614828e+00,  5.38910720e-01, -4.04080747e-01,
        -2.91118972e-02, -1.54222341e-01,  1.09484495e+00,
        -1.15923091e+00,  4.58260533e-01, -1.94148368e+00,
         5.84510564e-01, -9.59707756e-01, -5.26647784e-01,
        -4.11390041e-01, -9.93796446e-01,  1.06191002e+00,
        -4.27322551e-01, -3.12596830e+00,  1.97410204e+00,
         8.77428921e-01,  9.13458519e-01,  2.66215769e-01,
        -7.75863543e-01, -1.71425399e+00, -8.23091300e-02,
        -8.37523743e-01,  7.31958338e-01, -9.35016793e-01,
        -1.08342372e+00, -6.27474306e-01, -1.00627083e+00,
         7.26550420e-01, -8.94996815e-01,  1.25484714e+00,
         5.45232356e-01, -5.83699461e-01,  9.72269067e-01,
        -7.24992650e-01, -2.53252446e-01, -2.46588402e-01,
        -2.25931981e+00, -3.71367173e-01, -4.03656123e-01,
         2.81349852e-01, -7.66806899e-01, -1.67044566e+00,
        -1.33013129e+00,  1.54505401e+00],
       [ 1.58641894e-01, -1.88566195e+00, -4.17416372e-01,
        -3.69031620e-03, -1.32525435e+00, -1.04830421e+00,
        -3.67483439e-01,  1.89796563e+00,  3.18786921e-01,
        -6.48124843e-01, -1.31101198e+00, -3.34948338e-01,
        -3.81950249e-01,  2.37327030e-01,  1.01862557e+00,
        -2.08041161e+00, -2.69310485e-02,  4.98854125e-01,
        -9.88912568e-01, -2.19321642e+00, -1.11956339e+00,
        -1.26525523e+00, -2.50338565e-01, -1.89534654e-02,
        -2.11835155e+00, -5.31142974e-01, -3.78536036e-01,
         3.61750481e-01,  1.08339921e+00, -5.98948599e-01,
        -4.36156105e-01, -2.55326386e-01,  7.55019444e-01,
        -6.99571158e-01,  2.63165397e-02, -2.49268316e-01,
         2.11548447e+00, -8.29287875e-01,  5.64427499e-01,
        -5.60657573e-01, -8.24673020e-02,  7.60612559e-01,
         8.04895388e-01,  1.05525672e+00, -4.98645930e-01,
         6.56844477e-01, -1.42326902e+00, -2.72384855e+00,
        -1.06055333e+00, -1.14949358e+00],
       [ 1.22640910e-01, -7.10466335e-01,  2.59024472e-01,
        -3.17155692e-01,  3.91053611e-01, -2.34465331e-01,
        -2.20660311e+00,  9.57315115e-02, -2.68768452e-01,
        -1.52316121e+00, -2.80322811e-01,  5.66281829e-02,
         3.45152437e-01,  2.78531820e-01, -1.30922997e+00,
         5.62955905e-01,  1.70052044e+00, -1.06575161e+00,
         7.59908013e-01,  3.74575367e-01, -8.09248835e-01,
         1.07181981e+00,  5.10513417e-01,  5.01624306e-01,
         5.88759432e-02,  1.36224352e+00, -7.24588535e-01,
        -1.67024777e-01, -6.29578434e-01,  1.22727662e-01,
        -8.17923638e-01, -5.06548517e-01, -4.47939192e-01,
        -1.86632909e+00, -5.11322783e-01,  8.62389316e-01,
        -6.71022569e-01, -1.64404636e+00,  4.37109741e-01,
         6.70212465e-01,  7.21620838e-01, -3.19422013e+00,
         1.71807346e-01, -4.80640371e-01,  4.30519737e-01,
         1.15484852e+00,  3.23700467e+00, -3.55548347e-01,
        -1.30587889e+00, -3.24067841e-01],
       [ 1.60138610e-01, -1.22005902e-01, -6.49623490e-01,
        -8.64266687e-01,  5.28174815e-01, -1.85286685e+00,
         1.20255640e+00, -2.10291811e-01,  2.43790156e-01,
        -2.85747864e-01,  6.81923876e-01,  1.12483360e+00,
        -1.37431839e+00, -2.43902729e+00, -1.93882339e+00,
        -1.16665061e+00, -1.67535203e-01,  4.50017239e-01,
         6.99805243e-01, -5.13166146e-01, -1.27290655e+00,
        -2.85219542e-01,  1.09718507e+00,  1.20694711e+00,
        -1.57593746e+00,  5.44504297e-01,  1.87841651e-01,
        -5.04479294e-01,  4.07304241e-01, -3.79117903e-01,
         1.37613524e+00, -1.92664286e-01, -6.17182834e-01,
         8.08791634e-01, -7.65735956e-01, -4.19604726e-01,
        -1.89798062e-01, -7.00513152e-01,  1.38132457e+00,
         7.00412848e-01, -2.28826972e-01,  2.85551921e-01,
         1.14038071e+00,  2.23986516e+00, -8.66085359e-01,
        -1.28960593e+00, -7.13965978e-01, -2.34389514e-01,
         1.51943157e+00,  1.12609738e+00],
       [-6.49431503e-01, -1.63158224e-01,  3.77125186e-01,
         1.74760903e-01, -2.57214467e-01,  2.50454819e-02,
         3.83407444e-01,  1.05245343e+00,  8.39238043e-01,
        -2.25307151e+00, -1.53812209e-01, -7.33751643e-01,
        -5.22456142e-01, -7.77421382e-01,  1.39517138e-01,
        -7.96358922e-01,  7.03147869e-01, -3.73880100e-01,
         2.29186342e+00, -2.69664577e-01, -6.87706051e-01,
         9.10002368e-01, -6.70890562e-01,  2.17977026e-01,
         1.56058169e+00,  1.01807789e+00, -5.24520620e-01,
         2.02164937e-01, -2.32582906e+00,  2.92421032e-03,
        -1.10894208e+00, -2.08286404e+00, -1.06966516e-01,
        -4.58354475e-01,  6.68412029e-01,  6.97127761e-01,
        -2.33225378e+00, -6.79053120e-01,  1.80451909e+00,
        -9.14385720e-01, -7.63229293e-02, -1.47317794e+00,
        -1.11573754e+00,  1.36600220e+00,  1.48709780e-01,
         7.41647047e-01,  1.01797002e+00, -1.48373352e+00,
        -1.30687640e+00,  1.40159130e+00],
       [ 8.98515842e-01,  5.64980534e-01, -1.41346826e+00,
         6.10872322e-01, -1.84502459e+00,  6.88214020e-01,
        -7.76238565e-01, -1.43613915e+00,  1.78023409e+00,
        -7.51300051e-01,  1.26414935e+00,  1.50891369e+00,
         5.96042060e-01, -1.65540453e+00,  6.12762578e-01,
         1.85332082e-01,  1.17569237e+00, -1.67211395e+00,
        -2.81897724e-01, -1.93285667e+00,  8.50801395e-02,
        -6.34166815e-01,  6.16622643e-01,  1.72146477e-01,
         3.09279306e-01,  1.09421912e+00, -1.57714558e+00,
        -1.17708279e+00, -8.89291694e-01, -5.60642511e-01,
        -5.40962862e-01,  1.49778876e-01,  4.35279412e-01,
        -1.72338505e+00,  7.85317689e-01, -1.36849656e+00,
        -5.90809354e-01, -1.57484419e+00, -1.41311178e-01,
         2.00768214e+00, -1.88612148e+00,  4.21584956e-01,
         6.68769239e-01, -4.31290390e-01,  3.85762526e-01,
        -6.78042229e-01, -4.54164730e-01, -8.55224239e-01,
         3.37929306e-02, -2.19252819e-01],
       [-6.23856584e-01, -7.21649601e-01,  3.54303813e+00,
         4.05039822e-01, -9.74291397e-01, -4.72183115e-01,
         3.26572118e-01,  2.03556168e+00, -1.07201163e+00,
        -4.19593127e-01, -7.24752972e-01,  1.51241774e+00,
        -3.96207100e-01,  1.24994252e-01, -7.42338558e-01,
        -7.04651319e-01,  1.89190665e-01, -6.81455604e-01,
        -6.83271346e-01, -2.41791793e-01,  3.22617234e-01,
         8.54943841e-01,  7.58978981e-01,  5.63477327e-01,
         1.06728696e+00, -2.35937609e-01, -5.78114846e-01,
        -5.16127525e-01,  8.98172073e-01,  2.09176473e+00,
        -7.03613413e-01, -3.05311530e-01,  7.50858062e-01,
        -1.92098284e-01, -2.98539648e-01, -2.95036653e-01,
         1.89574430e+00,  3.80857993e-02, -1.01340717e+00,
        -1.03713947e+00,  1.15004508e+00,  1.31161407e+00,
         5.31553553e-01, -3.99866928e-01,  1.13237509e-01,
        -2.79336566e-01, -1.26413253e+00, -8.22932465e-01,
         4.14556457e-01, -6.97696808e-02],
       [ 1.24492792e+00,  1.40183282e-01,  8.85761614e-01,
         1.05992201e+00, -6.79172771e-02, -2.10768518e-01,
         5.87741896e-01,  7.90090469e-01, -4.15866285e-01,
        -1.13461251e+00, -9.18420371e-01, -1.15635355e+00,
         1.03787831e-01, -1.57003785e-01,  1.20627083e-01,
         2.07866145e+00,  1.51255508e+00, -6.15920014e-01,
         1.35329499e+00,  9.37110403e-01,  2.00845017e+00,
         4.20278838e-01, -5.82971740e-01,  8.32321188e-01,
         2.34072492e-01, -1.88392110e+00, -7.86938381e-01,
        -3.16712203e-01,  5.34502356e-01, -2.70883642e-01,
         2.73208488e+00, -1.02654189e+00, -2.53532758e-01,
         2.05904783e+00,  2.27737946e-01,  1.47278798e+00,
        -1.34633596e+00,  4.16256777e-01,  7.21686276e-01,
         9.92348874e-01,  9.91833192e-01,  7.45903709e-01,
         5.43925446e-01,  2.06261623e+00, -2.13176495e+00,
        -6.93413456e-02,  2.39460857e+00,  7.95416019e-02,
         1.53797472e+00, -2.37701362e+00]]), array([[-2.83228129e+00,  3.92166524e+00, -5.95501489e-01,
        -8.79418365e-01, -2.42389216e+00,  1.58601131e-01,
        -2.35151721e+00,  1.76469232e-01, -1.55026142e+00,
         1.88793014e+00],
       [ 1.81421968e+00,  2.19859560e-01,  5.20232079e-01,
        -2.55497824e-01, -3.62096847e-03,  1.33684389e+00,
         1.35841701e+00,  2.81691492e+00, -4.05490194e-01,
        -3.87723532e+00],
       [-2.04352854e+00, -5.03944544e+00,  6.59670904e-01,
         1.11547591e+00,  1.54207795e+00,  8.41787207e-01,
         8.05955967e-01,  6.52225956e-01, -1.38119579e-01,
         1.39787194e+00]])]