0
8 298.1220615827125
12 328.9022438098351
16 310.2041556072857
20 255.38929678142418
1
8 291.5044263822842
12 325.2080864861451
16 302.8113017528351
20 246.1968903821972
2
8 292.919296310955
12 327.32919347457806
16 303.6102660150752
20 246.79385490444545
3
8 290.3456406321834
12 324.90686368675597
16 299.60737437543105
20 244.07383755603726
4
8 292.58473674084627
12 326.918961906477
16 301.8501984502931
20 245.40338066429433
5
8 291.8616454995449
12 328.6468680518323
16 303.19570062894934
20 245.6650496846787
6
8 304.52436163356435
12 342.55791614046
16 318.72062529646803
20 258.0829319147706
7
8 318.27492918749874
12 361.9027377424426
16 335.38163685498154
20 271.7173406743476
8
8 332.0122599295492
12 375.0287809801449
16 347.6928635571391
20 283.1824015107842
9
8 312.8953834168496
12 353.24418077219
16 328.2078352165828
20 268.9604420274825
10
8 319.70296445601406
12 358.2729721250117
16 331.8548514752383
20 275.10616128743095
11
8 343.32465687541054
12 378.3457817993516
16 354.4675818649968
20 296.379987722809
12
8 368.4614200702776
12 402.7451457202012
16 376.29389584810644
20 308.78289917430055
13
8 367.33343031922595
12 403.7620939622425
16 374.6488507474804
20 302.5265633685146
14
8 359.71666657840535
12 390.2807621935503
16 370.0201346628992
20 314.3478875563624
15
8 351.8258999529886
12 382.070088193491
16 358.8690902404753
20 300.46670224519374
16
8 354.21016061755967
12 381.44427393889197
16 362.26654044099877
20 302.572757233806
17
8 359.91624838234446
12 384.3977546392181
16 363.0232984622566
20 312.4831071993302
18
8 355.9109240822299
12 395.73918081463364
16 363.7607135361773
20 293.16708362120465
19
8 350.29942689803676
12 381.3515363130223
16 360.4632038415898
20 303.45743661219046
20
8 352.70694080668216
12 381.8167921106936
16 358.9327657346035
20 297.2036194552067
21
8 348.63794188493864
12 381.69663275239435
16 363.6423014070951
20 311.94014336106096
22
8 353.7138521787734
12 386.53733927081004
16 368.9537985729293
20 306.0664386642724
23
8 353.48196113108276
12 382.4247407514051
16 363.4343407482196
20 306.01978951122123
24
8 364.8875398075244
12 385.90700767143096
16 366.0439807069328
20 311.35741170971045
25
8 363.77122578902834
12 383.7696152007263
16 364.96290485916154
20 311.42793771232425
26
8 354.0952191195207
12 383.91574089937194
16 364.739813242928
20 310.51013875944085
27
8 355.11797275434736
12 386.4580731130452
16 367.45677885266423
20 311.47082104814245
28
8 368.3945283374367
12 392.92055345073555
16 373.3589544084171
20 313.1590857952415
29
8 370.21898351036685
12 396.88249917655287
16 365.12152329693174
20 303.99469893690446
30
8 364.8803137130554
12 392.9929541831508
16 357.5173835721331
20 299.1551631115547
31
8 359.15285347159386
12 386.64572128521553
16 361.0093846092662
20 296.50528446069865
32
8 350.1686989557635
12 383.12015772902015
16 361.8660888105653
20 311.5210622429591
33
8 342.26189456664525
12 375.8210713138875
16 355.7426903381674
20 305.9723251325413
34
8 340.05701216847433
12 379.33081213261386
16 358.5586442204311
20 308.4487302227729
35
8 349.16372800659275
12 383.9673188173137
16 355.59667776363494
20 309.8317924968071
36
8 356.2732231258166
12 381.9743981345082
16 356.9006973261703
20 311.9413383256811
37
8 351.9302722801533
12 380.41221182124207
16 351.4287589670748
20 304.7248935880732
38
8 355.7460674323341
12 384.45209521966973
16 359.44866394679315
20 311.2582474643146
39
8 364.05080210179705
12 387.5717780233902
16 364.46429992800125
20 309.43400998918145
40
8 364.28141079901815
12 387.1048921364598
16 365.3304529160153
20 306.39459022499585
41
8 354.7811347668984
12 387.02695034301024
16 361.92194652550387
20 308.2093186529417
42
8 345.41451338548796
12 376.10052310365063
16 357.30574728491996
20 306.6784713790964
43
8 331.7967489368533
12 358.2284060662761
16 343.5461361723667
20 291.8530859290532
44
8 296.6908861930759
12 319.83156435411945
16 301.73305247625143
20 258.7806645751071
45
8 285.8024812225652
12 305.59470248977107
16 280.3741419374365
20 229.460408613099
46
8 271.9617092727917
12 295.728967349933
16 276.54711238538835
20 234.37310838410906
47
8 250.7744175017879
12 277.95203840761735
16 258.8604758847047
20 205.43949803046834
48
8 257.4371017060294
12 280.33699016847254
16 263.86754283125555
20 222.62674513853528
49
8 271.1042338013384
12 286.643488275264
16 269.3514774968759
20 224.0850866760427
50
8 275.1591858721899
12 301.8759297645371
16 281.34087371020235
20 233.44569031982093
51
8 282.3800528910671
12 311.95133089671435
16 291.109295374531
20 242.1144547198124
52
8 295.6097947817857
12 329.01081247095135
16 310.5853942634059
20 265.73461851284833
53
8 322.5153322619303
12 360.54703527757067
16 330.05620533872343
20 274.66263872578145
54
8 328.3041588559366
12 343.68479630847327
16 327.3680935178845
20 280.3237729061391
55
8 331.52650873661986
12 359.7396531664206
16 351.1798856091943
20 301.44618133165176
56
8 343.4031559439768
12 362.5253838140385
16 352.1344394186276
20 298.8694107279621
57
8 336.19065788046055
12 365.14596552062267
16 354.32532420977776
20 296.9795527361395
58
8 339.94152286928806
12 396.3878012423351
16 360.6559676329829
20 304.24497637897485
59
8 280.4218966428137
12 331.0611993125307
16 309.5188655780745
20 270.16641540848104
60
8 227.00923246571824
12 269.08389199374756
16 260.68639515829335
20 233.4528010813879
61
8 204.98170728651334
12 235.66457144875167
16 232.12941376891004
20 206.91149279477762
62
8 197.89186384275396
12 232.8220519141533
16 232.59701325841831
20 213.5903183617432
63
8 213.2892062986685
12 261.4446017421817
16 261.3868967297802
20 258.5554702205145
64
8 276.7087668315948
12 340.57106640051916
16 325.9436153868467
20 265.6097867275484
65
8 330.45726056396506
12 394.40245217306995
16 348.37957457102607
20 294.2167391310208
66
8 324.8254325054562
12 390.0113652019337
16 366.3610140002942
20 278.7352971221914
67
8 331.56311597778773
12 387.63536315110014
16 359.5463932702353
20 305.8302795771273
68
8 319.6456529577317
12 349.6418248160626
16 325.24166095178094
20 281.3425779564564
69
8 329.97887674090697
12 357.40522546109463
16 322.1736388412208
20 289.3226157481121
70
8 302.24586024369864
12 323.0055043454867
16 295.11771411060465
20 258.8284974756874
71
8 269.1934100428483
12 296.53137506362225
16 287.0188544400677
20 262.1618113694433
72
8 235.93852312261495
12 291.67181898532476
16 281.64751200688664
20 267.1742988589305
73
8 260.5991025702155
12 312.8466423755116
16 303.9534554320594
20 273.12466269037884
74
8 293.88358971371986
12 337.90827814049123
16 315.9378700849148
20 279.27133115205885
75
8 286.9162702457747
12 326.5049943891386
16 307.0758916946842
20 269.50915153497056
76
8 313.4886146830945
12 376.4533828076417
16 334.1022480387537
20 289.90044650583934
77
8 331.7166760057426
12 356.46441748993914
16 352.48247337477255
20 313.612090989672
78
8 349.5095147073818
12 376.97915425607266
16 368.96564184824797
20 333.3351727277462
79
8 365.56588493184563
12 389.89489352186575
16 381.04898406749714
20 342.2271039735334
80
8 372.767722051178
12 394.0021529377616
16 387.90502201605426
20 325.8166179464925
81
8 377.22362247078263
12 400.23172529966774
16 378.2214376909578
20 312.8860839264147
82
8 366.7550299622899
12 397.7519690049519
16 364.8899478906047
20 293.48921795102024
83
8 351.6651699078601
12 397.41837162122954
16 347.81065548682113
20 274.6885829861642
84
8 348.8346992701466
12 379.63730513260845
16 335.87888712472864
20 264.64303788719275
85
8 346.08808335717407
12 373.4864639437709
16 349.7261691930699
20 276.25415963906954
86
8 341.9213840851
12 375.77557060100605
16 349.1997583921828
20 283.7515034766557
87
8 346.4732299652309
12 400.59972426337987
16 378.4479401709125
20 313.50276803027856
88
8 346.11005619072586
12 404.91694246031705
16 381.8632255725363
20 309.71866082248437
89
8 353.5952168499517
12 401.71706123113944
16 368.30133772190965
20 300.89425820867234
90
8 373.8812552726831
12 404.43842162650526
16 362.3388423433251
20 287.829731454018
91
8 375.9530275366694
12 401.9737189628371
16 351.73397712939925
20 271.58544819506784
92
8 389.4398425394275
12 411.6202573142842
16 376.87514060130525
20 298.6317645887707
93
8 404.3358773708338
12 440.83040175924276
16 402.0772668033132
20 324.7524356660362
94
8 406.51292876732253
12 436.6039074972493
16 398.30688908428783
20 324.8643922086397
95
8 406.7150003826464
12 439.3164579493732
16 401.1521454303759
20 323.8287784281881
96
8 406.572792489078
12 428.91491960870314
16 400.6532561953484
20 324.10935331903863
97
8 417.24560208084074
12 444.7164897216699
16 403.2199252576314
20 318.6589736768497
98
8 410.33925136563744
12 441.3309960692915
16 410.73050987520173
20 325.4399292156078
99
8 411.710463872301
12 441.57757218895
16 408.577501125682
20 326.34148881534134
100
8 402.66519070753503
12 429.04073855203166
16 387.2722004646285
20 299.3782494930694
101
8 383.6252373612315
12 422.2790795592837
16 379.69755772124716
20 294.00749216099797
102
8 340.2017694103544
12 386.65336117205203
16 354.16268110901393
20 280.63429960599325
103
8 307.9222377082931
12 360.479669604286
16 339.32295762300424
20 276.9418172557238
104
8 333.9855695525303
12 385.4793500197525
16 363.92341628190354
20 306.87732298826995
105
8 344.363082723606
12 404.26568768025703
16 362.65006820541294
20 301.8130673794817
106
8 372.5613644892736
12 434.911624662868
16 385.50851493691107
20 302.9995300005983
107
8 376.27105709072146
12 393.8605527892056
16 378.10941410462937
20 288.02382730621747
108
8 371.6322277484788
12 437.0758326303253
16 362.90250177926106
20 287.2699811025001
109
8 356.9165030935985
12 409.27658481746636
16 360.83777997685326
20 291.88607183655466
110
8 339.3895895365955
12 389.67587086258465
16 366.3446095724548
20 298.93555231848075
111
8 345.98739634791366
12 388.36345916413063
16 376.66606263784917
20 316.31166524429057
112
8 352.4791993868743
12 377.6892067004476
16 365.3107826288777
20 313.40081491266426
113
8 332.3030077444069
12 344.28698142191007
16 328.7708051217523
20 287.0524131304663
114
8 308.69868248342436
12 339.522643091083
16 322.18364519452865
20 269.34815869846346
115
8 269.92829613679356
12 295.9393085193529
16 283.9532405844104
20 245.09825277971123
116
8 262.9552550303773
12 283.26625092982795
16 272.79664829476656
20 236.97869469531628
117
8 334.4516511676998
12 364.3428966596048
16 341.7449394232402
20 292.4423669313504
118
8 330.5090446379908
12 388.0095851983972
16 363.0965094376886
20 310.3722850269549
119
8 321.5159049058459
12 386.21038816118534
16 356.83179121661965
20 296.34825193236577
