0
8 167.50520561209547
12 150.26288406877777
16 136.95146387955822
20 130.9675420918581
1
8 169.4669102429005
12 153.3062916182123
16 139.12326933804508
20 132.2998736635878
2
8 170.22762517323744
12 153.8487058132674
16 139.14098126668182
20 132.26120382947929
3
8 171.0601515918996
12 154.92649434812017
16 140.87442490741157
20 133.5457993255028
4
8 172.1896363892575
12 155.3454014730942
16 140.94340439899085
20 133.23660253128355
5
8 171.84016307881262
12 156.26301940854574
16 142.51257850944066
20 135.3258393862907
6
8 173.5980314814297
12 158.0493679359233
16 144.11619628855087
20 135.5986493407023
7
8 175.52949893957387
12 158.11938768383405
16 143.07187984240312
20 135.44601751079813
8
8 178.79343949153815
12 157.58352798485393
16 144.7361973648146
20 141.14651217414374
9
8 180.2372799390688
12 158.04220117513012
16 144.21865505500648
20 139.71218855110203
10
8 183.4822997825155
12 162.94136023577659
16 149.9551984107275
20 145.68293557409464
11
8 189.00096867046784
12 167.61925269325732
16 153.81748222992238
20 153.51040837436622
12
8 196.079066389515
12 174.74093299651062
16 159.83534082069497
20 152.03963956148846
13
8 186.52272415177833
12 163.31024813089655
16 149.72914693726247
20 146.0305052078411
14
8 175.79304727084005
12 149.51743411134453
16 137.44051291092964
20 138.34076038594458
15
8 187.15431963009019
12 171.0826355809094
16 156.73225822207215
20 149.00654060460812
16
8 189.56015903613778
12 169.55627085543017
16 150.28222122131754
20 143.08444794396456
17
8 191.8119829710537
12 175.46919107933218
16 158.22566374829586
20 147.42859557896347
18
8 190.4276808782392
12 166.10601004502172
16 145.8695160211253
20 134.42723812688874
19
8 204.70596684322527
12 179.52205613326166
16 153.47437673992482
20 143.62634912901655
20
8 184.41176903724852
12 166.8309320630567
16 141.66074211428094
20 134.80069143396207
21
8 179.96488937466498
12 161.71950588503634
16 145.16655711094916
20 142.26382258414307
22
8 181.4004967950638
12 157.93535141824447
16 144.3680722700333
20 136.480388801841
23
8 189.3999494745033
12 169.34683962180853
16 145.16026806571307
20 126.75245985978603
24
8 188.4021114269815
12 166.34329241000063
16 146.27119617043766
20 132.1516571531606
25
8 168.1653952202073
12 149.8889677115356
16 133.04823325976713
20 122.52791179086911
26
8 153.34763523670622
12 137.17214807793468
16 115.21761060152713
20 104.49740380767888
27
8 141.13050755753198
12 127.54393892218013
16 109.41875051335472
20 96.02585355536344
28
8 147.0071475164367
12 133.51062625236543
16 117.58412752859067
20 104.4374696388943
29
8 156.32623103935043
12 139.3253556702482
16 122.47469816329543
20 111.4799417426535
30
8 165.682236178998
12 147.3446125449163
16 131.86536674621235
20 120.77065361621362
31
8 181.45493632650317
12 158.505348834912
16 140.0011100949238
20 125.97477864926586
32
8 193.2559457806519
12 163.546260912051
16 142.3225846276601
20 132.22407412629903
33
8 207.22049139745172
12 173.07031875772893
16 155.51769490457306
20 149.1255797107537
34
8 213.3486762357327
12 174.44086463549615
16 155.66140155287368
20 154.57577544149925
35
8 179.06186921871324
12 132.6605906304509
16 102.08616441315222
20 100.20780002597056
36
8 112.66407866507264
12 101.55496650957544
16 94.26963020924161
20 75.37053771375504
37
8 166.34341496850303
12 167.02837006346894
16 166.58553624764747
20 157.0106242541914
38
8 132.7320443092753
12 105.6595507483013
16 99.57537649762784
20 99.9838530003475
39
8 106.19334885380546
12 105.93305653402979
16 107.15646755643941
20 96.8831620112702
40
8 181.48314543170872
12 185.70329109196746
16 174.1925256868063
20 143.38461605293654
41
8 162.02375146830244
12 141.73113229927088
16 113.36468011672216
20 105.08054188800553
42
8 153.35773559890265
12 136.53066077796618
16 105.63251493183517
20 87.66513681523104
43
8 181.29668657588493
12 152.74722565958308
16 118.47493363250933
20 86.71425913760307
44
8 182.22330641975236
12 153.57572096530512
16 120.93474169463879
20 88.07699828764335
45
8 175.316416799794
12 141.24867812315435
16 102.95210581888858
20 69.1260243745701
46
8 157.09363065382792
12 118.40637249041845
16 80.86495193764574
20 55.77372563060463
47
8 148.10283266114607
12 104.11418929450073
16 65.99872544059396
20 52.842110952224544
48
8 134.44642813429243
12 89.2130073128281
16 51.016739634373174
20 36.17145283966052
49
8 176.5883915158841
12 155.98682893617328
16 132.408186874878
20 110.29629564198262
50
8 148.5234771872432
12 111.00088223181034
16 86.26776075063688
20 75.80591063580346
51
8 105.0032297039932
12 81.1319325255205
16 93.03918110787009
20 121.30565587639958
52
8 108.90179511436577
12 69.82638565916469
16 63.11217857129074
20 84.75445551985736
53
8 209.91527210740185
12 173.4306992381619
16 147.16449854696336
20 116.427923929256
54
8 200.02119082017126
12 175.94611060780258
16 156.31575850319058
20 152.4397372709618
55
8 206.05204016940885
12 178.54894348976734
16 158.13988737945792
20 152.16472871521347
56
8 198.27442192126537
12 171.89423306878763
16 154.83909322960596
20 148.2885194867471
57
8 199.58392577061548
12 174.56207739276175
16 157.16426016685244
20 145.47334700380657
58
8 207.33394566786507
12 184.90247987414517
16 165.93529547749108
20 151.98642614669313
59
8 184.07355467888704
12 161.13629309670156
16 143.84422822677513
20 138.60745765555694
60
8 160.15993215607816
12 141.04127340194145
16 134.83817723576297
20 130.76812110575491
61
8 146.3259676795194
12 131.95864164795026
16 124.08390056755881
20 119.89019380977405
62
8 151.70004018092044
12 140.92553977589552
16 135.0141005411698
20 136.1723141135863
63
8 153.63677519418388
12 147.73666827317652
16 139.95746452347103
20 141.91382881780874
64
8 167.46498412638405
12 159.9989216797892
16 145.83867642139253
20 125.5610559183108
65
8 148.8623074155108
12 127.87384940812854
16 97.92092459130404
20 90.83889305477014
66
8 176.5220181004949
12 137.29820013798775
16 106.65895927657121
20 93.73992487480433
67
8 185.26248169577408
12 153.99077321018336
16 126.61253240629465
20 119.28691224560568
68
8 183.88228042715892
12 163.47874013920008
16 138.6903503942713
20 137.80023460344012
69
8 177.8373445024054
12 168.69602905426015
16 148.94638396968526
20 155.17867330361344
70
8 172.85582032913408
12 143.8834473694261
16 112.12369689327343
20 115.96588372595876
71
8 165.38575567558465
12 144.4954946486301
16 120.51134493316198
20 123.05878585188536
72
8 193.89136042919046
12 131.54292101302107
16 87.85449818486165
20 62.65282215015618
73
8 238.3863793587934
12 193.64229330076225
16 135.34308879952147
20 109.26398417403512
74
8 196.39673614511398
12 188.06715815150093
16 170.0189605088617
20 139.10061566457014
75
8 184.79714871397277
12 165.4820928378524
16 149.5699060135895
20 137.61986620106444
76
8 174.99868823862758
12 154.73412895214292
16 144.6379912276039
20 135.0717067024694
77
8 200.82730428022063
12 174.68373299723186
16 161.0265271168439
20 149.5813109142252
78
8 215.69798945008597
12 184.51032012335384
16 155.54740789532178
20 132.65452103627752
79
8 228.7895933754049
12 205.29761818835252
16 182.23985319905185
20 163.2250524281418
80
8 246.61983525783901
12 232.7622224001214
16 209.11210506313301
20 190.93383125982228
81
8 280.0204544922254
12 279.44530863213123
16 264.0896644162759
20 255.1107232007455
82
8 262.098793126873
12 236.81682222009982
16 214.6353134363622
20 190.27302202887623
83
8 263.07682544327395
12 239.96986919322012
16 221.61536897291444
20 199.4379927284356
84
8 264.2184883287445
12 231.79702711336077
16 204.83583911000062
20 181.17286481990678
85
8 183.3586040141989
12 152.73177531193025
16 124.64157372560472
20 103.68328836908383
86
8 184.52595574182365
12 165.26358547287964
16 143.06306235691648
20 121.46775530411671
87
8 173.79307832797062
12 165.72448868362267
16 144.57265938310763
20 118.60468331064017
88
8 158.57139812698003
12 147.8490315562749
16 142.6206806808913
20 141.40558786432723
89
8 153.84637579228982
12 148.79999638886702
16 134.73677333564837
20 125.99540683990621
90
8 193.096753368154
12 182.11300151006623
16 154.7511702079947
20 135.93364135679752
91
8 186.59052833138549
12 143.5435700995778
16 103.74296041461878
20 108.77532709554774
92
8 175.4170520401778
12 136.7766261794874
16 99.35072444591394
20 76.13756469042264
93
8 153.47593251513754
12 110.60530320986389
16 75.70155609324645
20 84.82244875427311
94
8 225.13033860430346
12 165.03331273147296
16 127.8742377069252
20 134.10635385043065
95
8 206.76694845578606
12 168.39114382371972
16 132.7470395595846
20 108.85812874288675
96
8 214.2737942227102
12 180.83378727570744
16 143.67636014968355
20 111.54839959006905
97
8 207.80382175265513
12 180.77697234378968
16 138.36064077432349
20 122.03399583713454
98
8 154.21744492536027
12 119.81250983959762
16 82.49633860822722
20 57.55625614499121
99
8 199.82489021534028
12 170.0183270018307
16 134.40822988371886
20 106.23599062752105
100
8 191.9652126906522
12 151.16753134531197
16 110.91760315204871
20 74.14094531889731
101
8 63.18227060407973
12 56.0904997588435
16 83.69465296782428
20 137.92131565552825
102
8 100.87766288584578
12 19.44128398139903
16 28.614965242713478
20 82.70669367076695
103
8 95.77930912359183
12 35.763787946347676
16 22.33551809131016
20 72.27619057092879
104
8 73.31355697382304
12 23.199697469259874
16 51.19565662581264
20 113.74217806898648
105
8 114.05734326395836
12 64.16567138785484
16 62.50818132689723
20 100.26928965136939
106
8 87.74807682301785
12 60.58210796464977
16 78.52684344616658
20 116.31648534321417
107
8 165.05518451605636
12 117.70993782936918
16 79.58395253893391
20 58.629868975434576
108
8 167.44649097836583
12 131.72463119063298
16 105.93798031947374
20 98.6693108476028
109
8 150.37376299530382
12 132.10577788728318
16 109.46036867725115
20 111.68423839904199
110
8 120.8734083428059
12 80.19720938490255
16 44.61255601453031
20 51.204159612202425
111
8 167.69114447534267
12 111.89180442322169
16 81.68251354497598
20 38.01104019461781
112
8 107.98075692058374
12 115.87715225377369
16 126.32284619945702
20 127.38923684221916
113
8 47.819863819907475
12 62.36353391074579
16 66.80485366190516
20 87.45890981122228
114
8 32.3820381519228
12 16.689821950028943
16 23.925916751691048
20 45.72880704014703
115
8 101.60978698888292
12 99.51447805317098
16 107.02476111865471
20 133.2319925572909
116
8 176.11029040389707
12 136.90476060761569
16 124.68501309400001
20 134.0657610910923
117
8 185.2864193250214
12 134.16549281615323
16 123.10838080795077
20 136.53771078847373
118
8 181.86448436294333
12 134.82339742165107
16 120.795869209576
20 132.56989956787027
119
8 188.86978771599797
12 141.2085057736356
16 122.44875824691933
20 133.56721049593313
120
8 185.87280267973787
12 139.63758413950518
16 109.29580918615008
20 123.34806941107455
121
8 183.35897222756918
12 138.49486374872643
16 118.03181490146378
20 125.71015179120371
122
8 168.93644592980644
12 133.64838417401432
16 120.09776793279603
20 124.71117542885055
123
8 157.12997524059293
12 129.82457228989873
16 115.84621143250878
20 124.66776269200388
124
8 90.25690480129158
12 106.57369567643363
16 114.9344371385592
20 111.19572253325654
125
8 65.99419294200158
12 79.41962895274483
16 103.67273117393728
20 125.44729198682712
126
8 184.4253030715293
12 161.79150383575387
16 134.1180381789298
20 104.8360072651008
127
8 228.05122401957965
12 185.71616267256104
16 150.4477738049925
20 153.0421788348312
128
8 64.94265027773048
12 60.60534956311847
16 59.738618455198655
20 95.48022946364433
129
8 72.08152264383439
12 55.869626609276246
16 50.27183746877825
20 50.098413782262696
130
8 196.57421635645565
12 168.96158090358995
16 148.75433261342818
20 138.39491855942492
131
8 185.337086849055
12 158.0424022670866
16 147.455552090577
20 149.33617167908145
132
8 192.01408553330117
12 162.52479119656286
16 150.08072900110596
20 147.93722470936044
133
8 179.47642158470708
12 137.11557439676992
16 112.84437271538427
20 111.06749150764772
134
8 182.6881054333043
12 145.3666087166933
16 117.59242866498086
20 107.95120732128048
135
8 165.00979882215324
12 117.82257142426401
16 76.32836280146067
20 75.66930661609621
136
8 168.15263702838038
12 131.8373500436126
16 112.19040505902447
20 127.20320785297943
137
8 84.52901695753883
12 57.74523934606136
16 66.32905446535756
20 97.8456488756154
138
8 55.32811422825841
12 76.16743102320542
16 89.91623252097577
20 108.99777187014463
139
8 145.20987330513987
12 135.0812036824495
16 136.48930917384718
20 126.39004339620595
140
8 175.94508208627977
12 168.5621570653621
16 157.36552460786393
20 146.88821998763476
141
8 176.0258086267626
12 151.13429726562575
16 132.4381741514201
20 136.60545903996461
142
8 187.45553981476232
12 144.2588348591683
16 129.93152973128946
20 138.7837864590426
143
8 197.9252721656836
12 148.3299840059513
16 125.40898343894011
20 133.9066604098991
144
8 193.5258364821633
12 154.41456630112435
16 128.68429815721228
20 132.32584373640648
145
8 174.08162601212
12 129.06802061131992
16 98.95638214183828
20 97.28396565624323
146
8 167.82447546386985
12 124.67200202899588
16 79.38321020052494
20 64.04421331768665
147
8 149.5262081091635
12 124.33233188984546
16 92.9302863541396
20 63.97892331072249
148
8 115.4983865437737
12 127.01804751194241
16 126.91182819200965
20 134.9048917817979
149
8 176.02916456646173
12 142.717170298398
16 100.97508265628638
20 67.54449662502675
150
8 156.3604375102757
12 151.32765728868267
16 134.44753420609885
20 139.7632094951037
151
8 150.75685990565904
12 158.38958437617325
16 163.32457447748737
20 161.1048524944388
152
8 173.62581075038062
12 162.1352481172168
16 155.64068507245167
20 143.5265556612404
153
8 195.64268953978907
12 174.99089228664818
16 161.8240601866091
20 151.00784646719544
154
8 190.2872784616462
12 172.95990758469665
16 161.65826966736583
20 155.34879657102888
155
8 180.70041923560854
12 167.41382060286202
16 153.92571491703373
20 141.85971219963164
156
8 160.05582084834808
12 148.9366150869777
16 140.71005465698798
20 132.0057865840239
157
8 173.50871037348136
12 137.92788664388843
16 134.33493596388044
20 127.65279946843596
158
8 226.40980776133352
12 144.56065111216984
16 131.83061958077474
20 119.90107995699421
159
8 154.0257365755615
12 124.16623105925841
16 106.79089837784493
20 108.18708266258476
160
8 134.77174240141045
12 94.04081173856365
16 76.6310131847663
20 65.16780466132809
161
8 113.09398301372933
12 95.2653877730627
16 79.26123373701604
20 59.958502374678005
162
8 138.6527932636374
12 113.2070391526415
16 92.23885690086667
20 83.227659501352
163
8 130.5620084892699
12 103.85496084429296
16 77.62918005463564
20 63.47240586407091
164
8 133.26677051048048
12 109.27574406248323
16 82.65933168386844
20 59.986362502676315
165
8 166.39325947853018
12 142.4563892091501
16 117.00644557087352
20 90.03342506504828
166
8 145.13708487547657
12 153.80834100914075
16 150.96340155264576
20 139.76813933315293
167
8 152.30738386668202
12 143.30895026962583
16 136.99504351874168
20 134.59375686191888
168
8 161.3877063556652
12 147.25321723805888
16 132.9810488930525
20 128.16746045037357
169
8 172.07307753409992
12 153.90670132195868
16 137.38936738504552
20 131.3612401965405
170
8 182.2757481200744
12 175.19443444740998
16 158.03620698610305
20 147.09164548696327
171
8 188.43325158468335
12 184.12068137303768
16 172.96451172626502
20 156.79720148084547
172
8 166.37977130636602
12 161.84309891728844
16 159.91916178612234
20 155.36201732896586
173
8 167.24496888917477
12 144.3412324036241
16 142.66659780358268
20 142.21787759622586
174
8 177.9034069272638
12 158.6519235162349
16 145.36567106216816
20 138.84958917948734
175
8 180.90865443793015
12 165.3656155104473
16 147.68830313824833
20 129.7490881866141
176
8 185.01656512035404
12 168.8750223270538
16 148.67690271504455
20 125.05226700723654
177
8 181.25742613154569
12 158.16603378273106
16 130.89691916995434
20 103.14056736920466
178
8 167.58024157827722
12 147.31819134829593
16 121.90250555316213
20 100.18003496011968
179
8 182.7057211336987
12 156.276365956146
16 126.08337122120585
20 90.18869230936421
180
8 131.0515316838499
12 122.22481517737442
16 127.76428864484446
20 137.16108278454735
181
8 148.21793262665085
12 129.39382899122614
16 117.78078038861771
20 115.45980344231968
182
8 180.32213695846386
12 162.82504413503258
16 153.385073426434
20 150.81424036259742
183
8 185.79109268656944
12 162.55827308488264
16 150.12455206012564
20 145.16442699581415
184
8 185.09095296696813
12 148.66070539115896
16 123.31099142986697
20 109.84761871874262
185
8 200.5546286318098
12 178.84505277008466
16 163.3261594063117
20 147.71898853432654
186
8 227.8076615198925
12 211.67679707935724
16 191.73052896669148
20 168.21532415720475
187
8 189.36050673492502
12 173.34905157857085
16 149.359682211811
20 137.27851760961778
188
8 181.98690776591295
12 162.22362839777725
16 135.39221260004712
20 132.82900772011106
189
8 192.06179350142557
12 164.85731779533705
16 141.8607175391488
20 134.68780963555426
190
8 284.0230751731865
12 236.99834955415974
16 183.13282226924323
20 156.98365532202334
191
8 222.41782186750905
12 234.80677456192868
16 217.67459302290817
20 197.83365173666223
192
8 183.66848858736273
12 184.9191424479669
16 203.51307945922082
20 223.9676953872348
193
8 215.73360297564196
12 202.83433672651117
16 189.51433703563183
20 162.64745165584154
194
8 193.4998412911637
12 192.38568237686135
16 192.39436691567772
20 190.89349077872444
195
8 166.58341863160987
12 169.49244136605986
16 171.6148681384353
20 171.3777285632504
196
8 172.57800000566058
12 168.1031807676049
16 169.4970820337894
20 167.07371387084333
197
8 205.30223431171632
12 189.70833554132918
16 185.923471764133
20 177.623473238995
198
8 214.10332881073123
12 198.52102120996685
16 190.74397725650206
20 174.26259105110594
199
8 219.43457031981444
12 206.68609903084874
16 192.80551819086529
20 173.6846022720815