0
8 112.29732091771444
12 83.63766322000649
16 67.54300743528918
20 65.38309528037956
1
8 112.62665400063212
12 77.35538689372831
16 58.970125468459365
20 62.919855296114584
2
8 111.46224715006886
12 75.68200574114863
16 57.93361893975146
20 62.02866774195477
3
8 109.92254631434596
12 74.5718016709033
16 57.24964477480492
20 59.90305902787607
4
8 112.91301095738072
12 77.33643055063105
16 60.031475266328755
20 61.99224704112545
5
8 111.96099713714216
12 75.46950345693473
16 56.08954881730223
20 60.087918242103015
6
8 105.74622918427241
12 72.38028923226197
16 57.828992307068326
20 61.12227156681143
7
8 105.96380480569485
12 77.4096663440531
16 64.45041816418046
20 70.07188601420869
8
8 99.97475835334109
12 70.30437953113054
16 57.21614636343808
20 62.11838776821479
9
8 109.17868430762833
12 81.67015540430396
16 68.48503143540343
20 77.4075547926816
10
8 111.28616307783409
12 75.74513518102485
16 63.052183338313
20 68.12671414826256
11
8 129.8286752473564
12 94.76359762196297
16 79.78388288812516
20 83.74943446926353
12
8 158.09518131986596
12 122.68067943041139
16 104.77467249346925
20 104.54756667336345
13
8 157.40673464734851
12 130.29156482606655
16 112.45176034944689
20 117.21521633201822
14
8 156.40467294960874
12 127.74374715607665
16 109.69811519062787
20 113.20772081743785
15
8 118.59477404072564
12 93.56481591959621
16 87.08320742020267
20 96.99323521753503
16
8 104.64951243873898
12 74.41242806359598
16 68.2000654665498
20 79.71553225966137
17
8 63.94768871401202
12 25.82001633002447
16 20.934238619263063
20 42.720537612395056
18
8 67.02295861824548
12 36.30808820396789
16 21.39937662275321
20 53.32008092911395
19
8 68.99292719939093
12 48.362874989235756
16 43.29860646043816
20 52.78802683747217
20
8 87.24466989144852
12 45.35369331211985
16 29.28234924794835
20 46.36696974280695
21
8 102.54844063014278
12 66.00799984022437
16 49.56328996701382
20 55.34732346846279
22
8 119.61112098523662
12 83.46461450575295
16 68.28424206600454
20 72.09099269457784
23
8 135.12765540014752
12 105.60044157900728
16 90.12198782844767
20 91.51362950858712
24
8 132.70067428769198
12 101.41134658781407
16 87.17956776112898
20 86.07003043095085
25
8 87.80985876442736
12 58.93637569233864
16 49.67507748864864
20 59.71128372605381
26
8 38.05936258219038
12 12.118759540441097
16 35.77413791478941
20 63.040195457571336
27
8 77.52815885078469
12 74.96792414336676
16 63.999166674686315
20 62.1711249288535
28
8 40.88032644633129
12 46.16798384047521
16 66.31806257960906
20 89.13212073048845
29
8 88.82378496384712
12 87.34781246410223
16 89.76125113905786
20 110.90841667825474
30
8 121.59378150605234
12 101.4631196552909
16 101.51381796023888
20 108.97562720436437
31
8 117.4893760102283
12 100.66293433013611
16 91.91609671581429
20 103.1674829205
32
8 62.23180997741343
12 63.192857697000996
16 74.80123138397778
20 93.58940968376224
33
8 47.19031575574703
12 39.532756203833316
16 58.50333787511855
20 82.53770031375983
34
8 65.19406572495633
12 56.153693067388254
16 67.40446448228782
20 84.79870082342273
35
8 124.3933914867559
12 79.19512470301312
16 58.73623809185731
20 67.12912141388524
36
8 142.33445983983302
12 93.3299855479675
16 66.6981334694405
20 63.79212075961621
37
8 155.8679318837561
12 114.93711762872147
16 83.7173545555558
20 68.15354184650498
38
8 187.33672448297443
12 170.26917034235382
16 147.5584444963302
20 128.51892089281534
39
8 172.3165176435989
12 156.36542712125245
16 136.93176861020248
20 121.88240876532318
40
8 175.10852933060235
12 157.85468457673915
16 141.5177162787207
20 124.28747460403063
41
8 196.44658224765774
12 146.28413018806765
16 110.93020832301995
20 95.22276082255516
42
8 151.28516963754
12 87.18449913739681
16 42.079518700286975
20 12.273364500405876
43
8 100.77996168194629
12 47.43282359886225
16 2.0701887780066013
20 46.03680090633829
44
8 93.00250284386901
12 45.9938050008358
16 5.103492326977374
20 40.87687585617737
45
8 93.6599540381125
12 41.775748353139775
16 6.986612190001482
20 44.388083858853314
46
8 84.79662432154632
12 40.26445995266248
16 24.212610812450677
20 52.93579951348268
47
8 142.78019132347796
12 100.10715861602284
16 64.78402259424527
20 49.14980563617436
48
8 103.95811710295166
12 54.935948060465236
16 31.64148557994141
20 21.747399492654957
49
8 62.66155179669079
12 26.413860114417332
16 20.423156333967707
20 44.03590837753111
50
8 122.3596775049484
12 89.8481389389411
16 74.79427325878814
20 74.97156313995774
51
8 51.633119904925884
12 43.067715965662764
16 52.9245908519817
20 75.49481262095941
52
8 108.87452428592024
12 91.37578128553005
16 69.7917395487924
20 66.99318857786581
53
8 126.6331915962362
12 120.70314454958734
16 101.73913271919298
20 85.38255664336755
54
8 54.50176738406214
12 20.95819739452962
16 13.926072934174615
20 41.19829685968904
55
8 120.95829953356743
12 111.96523703946085
16 112.64379149001219
20 104.29293512261714
56
8 73.50352196473331
12 39.95627678130282
16 27.973905308810274
20 41.80300098983028
57
8 132.29288036232538
12 98.03025340838528
16 81.2996094678484
20 67.21941597867547
58
8 100.19275431664187
12 61.477684441603856
16 42.28411273933183
20 58.34366901937394
59
8 143.84270134132763
12 99.87172531421199
16 75.45532145949527
20 76.17817163096039
61
8 158.11001687369148
12 141.249880960494
16 135.35418517815552
20 142.9648146899033
62
8 161.87511958604958
12 125.3390268355708
16 101.40449818649448
20 91.10508176424902
63
8 132.97185543219453
12 98.24637507701935
16 81.96583666636397
20 95.18091673125669
64
8 115.13636177101232
12 108.84478510904039
16 98.74577129319283
20 100.39819895168257
65
8 69.13010788889356
12 26.167430477538097
16 23.437172861910096
20 69.39116013225251
66
8 92.15864330117336
12 47.79986384536574
16 26.4571778021328
20 56.43642352952448
67
8 95.29227769104602
12 55.166369744449405
16 17.647927606511534
20 57.07826011440879
68
8 98.81447824949798
12 51.39719377164686
16 20.681528645712735
20 46.48643152351917
69
8 95.53599888350556
12 38.43616354023361
16 15.987403669892599
20 59.88425872406807
70
8 58.50854283086001
12 33.75281778663775
16 34.99324227052322
20 60.68932287225719
71
8 30.386693419262684
12 18.93460008511434
16 42.44789046239585
20 64.52273226530295
72
8 65.1845084415752
12 47.69091671942025
16 51.258730136089625
20 77.76399938210989
73
8 71.63061332748242
12 55.47326051994301
16 54.465946351471146
20 79.40271258155313
74
8 99.5642850272828
12 72.24188089819542
16 75.23961834813784
20 93.79680813972705
75
8 128.1625786408339
12 103.42056427021376
16 95.13981089926465
20 103.74630173980667
76
8 139.79516166718452
12 104.41139585285646
16 92.14435948336741
20 99.2124634510917
77
8 128.63500501487965
12 94.57918272160362
16 81.01033938582681
20 96.09342515613632
78
8 124.18634959328787
12 88.39914448636722
16 77.42038691002955
20 95.63963181841356
79
8 120.76369237264679
12 82.15157924636522
16 76.81373094039753
20 89.4664779978266
80
8 114.0912763849972
12 78.82751339667118
16 77.81608613483243
20 90.60902486369444
81
8 136.29528631650942
12 105.88709252230962
16 94.45698973199718
20 95.99055300440968
82
8 128.31377549262575
12 101.303714916086
16 85.06915975590665
20 91.2004445037721
83
8 137.68976975917266
12 116.9228214333454
16 98.08865084157428
20 96.37313762509723
84
8 140.17569799862804
12 129.84985165645742
16 117.92591435944125
20 111.27376904544533
85
8 131.36662237772978
12 117.22754928611984
16 105.15824658672231
20 99.2228943148851
86
8 124.02374975395746
12 108.78298539814855
16 100.65134975145564
20 99.09464327814044
87
8 136.63550576700393
12 122.07131301813516
16 103.83334610051563
20 90.62537861058628
88
8 138.92615517386892
12 125.3445687182927
16 136.20631576889517
20 129.60604425831792
89
8 163.14015588133407
12 154.08190459362174
16 144.36466148928798
20 149.22785923025475
90
8 154.03287499050242
12 153.760867889382
16 149.38237936602303
20 150.32521035235098
91
8 156.35755777618726
12 151.55530124117783
16 141.6980789556748
20 139.94975966334817
92
8 161.19524548549506
12 156.5270956857611
16 147.5533905458995
20 148.22305858442888
93
8 142.36824337852713
12 137.38612232324152
16 132.7160483080648
20 133.5376581045432
94
8 146.91253910484522
12 139.45196048420198
16 126.16633990136357
20 127.1403086907462
95
8 137.95307991270414
12 123.27385680170988
16 111.82014398587187
20 106.2515235846671
96
8 141.64043858777893
12 122.67191647152407
16 105.9341535920567
20 99.36472400980627
97
8 133.9876249168407
12 90.96928862236629
16 77.76083421505935
20 79.49745615267332
98
8 110.9556884259843
12 78.94087783338331
16 75.36862022473512
20 82.39791686565094
99
8 125.16524696836008
12 94.33345888774879
16 84.08695602338253
20 91.37423206837884
100
8 89.7518822988625
12 58.56300921179544
16 60.39422182108033
20 78.73273398037819
101
8 125.865491896926
12 91.76708773934719
16 80.12320771025206
20 76.25091399444251
102
8 132.98912012747653
12 102.42680128531795
16 88.30713465376297
20 95.80564114883916
103
8 153.78534018058613
12 127.42591121919932
16 112.32316215664535
20 108.7159355589804
104
8 150.11362484005227
12 122.79524894050914
16 106.77698622603147
20 114.28257601465856
105
8 158.07115473488733
12 132.74401683632496
16 116.63723933768037
20 124.01210624815343
106
8 148.94872389441954
12 120.5958180910604
16 106.3476154169381
20 115.23534392695503
107
8 144.29162991221136
12 112.74001430646756
16 93.18179880412718
20 94.03658756167106
108
8 121.9060652544467
12 92.97736659265935
16 87.9757665520636
20 97.49355655253898
109
8 119.44121312757049
12 85.28642106462802
16 75.5173865594504
20 86.21762849688841
110
8 107.13434864834058
12 77.02700103469132
16 69.4985267497213
20 78.06176470311071
111
8 151.20914229086046
12 91.53827721487357
16 59.08377942920908
20 57.17272726591448
112
8 76.62716617723824
12 46.27791852492375
16 33.2875063333312
20 73.24186611440363
113
8 76.71112828839946
12 34.05913666569434
16 23.30812463263122
20 76.26842130163382
114
8 82.52498746608674
12 41.22709505004133
16 33.46010125066169
20 57.89143897246067