0
8 300.7768226122902
12 298.230765814393
16 31.27447157723602
20 54.56061566431231
1
8 305.3993530770236
12 306.8040466714037
16 31.28755307061212
20 52.8394638774446
2
8 307.93839538109654
12 308.6844232644944
16 27.037422140864912
20 53.166962011136164
3
8 308.48151853392926
12 312.29803533613824
16 28.80144383587933
20 52.618217492978964
4
8 308.93750825622215
12 310.6047962261827
16 27.68611104922618
20 51.58564360016831
5
8 309.9428107203993
12 312.34139804609447
16 27.63675713505688
20 51.86106936421848
6
8 309.18721877382666
12 312.3823035896141
16 28.055956274238905
20 51.55923671267662
7
8 309.63242843150607
12 313.18837598175713
16 28.487717074854864
20 50.15988958227542
8
8 310.37402956175623
12 312.6937332946886
16 31.95780077566492
20 50.3890675497437
9
8 309.68756548792345
12 314.8526024596995
16 33.31603156126845
20 52.51574708656589
10
8 313.79252909532505
12 314.4872240703689
16 36.11336255042032
20 54.1809530501461
11
8 320.0747245032284
12 319.3065406608804
16 29.021546053112882
20 55.779700225620324
12
8 326.00195949562277
12 318.19554740829915
16 22.472031497278174
20 59.943571864211236
13
8 335.5266432711145
12 335.23421755044376
16 41.698669552515874
20 66.61925202438245
14
8 339.49621374128617
12 349.56009991540884
16 39.5464419167811
20 63.6838534065507
15
8 336.2873936335841
12 349.11591761275326
16 47.1546930817134
20 66.94486395497177
16
8 320.4963403870406
12 345.4544135762277
16 69.59988717181554
20 72.41607971006738
17
8 320.9353645745508
12 338.9749765246995
16 55.41280413164593
20 57.38363737242555
18
8 313.7853093184315
12 331.12461505832596
16 37.28804590508188
20 49.90490478830983
19
8 313.82619796217654
12 318.4554328668891
16 37.299647318484936
20 56.945938576028205
20
8 301.95877194728905
12 311.2765571217772
16 18.239360984521333
20 30.37098149614704
21
8 292.6487424482001
12 310.2870715127017
16 18.041071931037695
20 33.02397169386751
22
8 309.8719416058375
12 301.2836388873103
16 26.913464142811858
20 51.13288568924482
23
8 317.534724825538
12 306.43406307915063
16 22.926392975728593
20 44.47194974709548
24
8 324.952552657165
12 317.0055856436437
16 18.548700414850384
20 38.711680809699025
25
8 334.9765718213008
12 324.0733381994466
16 30.73602423627089
20 40.44886083732979
26
8 364.35858615014786
12 362.39414268259105
16 40.50779370436136
20 42.45046854849692
27
8 378.037954830001
12 376.4487836779732
16 45.94524031556887
20 38.370712998222096
28
8 377.08660558868314
12 383.68896252703007
16 45.96365996306884
20 37.552908221158305
29
8 383.7695328304854
12 380.4026540532145
16 21.955307186073604
20 22.383340492187592
30
8 383.02261251658626
12 377.88834114589804
16 12.555185609322145
20 15.26964617704043
31
8 386.9355035604989
12 363.8292616351979
16 5.547162864248037
20 25.961976010819797
32
8 357.3017727854665
12 311.4040617147399
16 13.702461823974655
20 26.061075795256556
33
8 314.2051377399592
12 338.7883147760126
16 31.592570690752275
20 33.4680995501958
34
8 306.91455814058054
12 305.0628486802273
16 32.24399031263119
20 49.34912886402799
35
8 297.0437820972955
12 303.81460693096875
16 29.504597077131418
20 36.431222775383524
36
8 282.5881719650947
12 284.8062810681703
16 18.770703018452654
20 30.62960376496666
37
8 279.3225130361239
12 284.48243562611765
16 22.273306176001103
20 23.441160055169178
38
8 274.5000786740356
12 276.8181236380169
16 24.908467556879557
20 16.576735665905524
39
8 253.45007144458927
12 257.1572865386434
16 15.86264123609628
20 22.91314183945819
40
8 230.43360040978106
12 234.93607874587966
16 24.465647879458448
20 32.13458722236305
41
8 211.4576886915892
12 214.3569097418247
16 30.248313102303108
20 38.9930574646076
42
8 189.96807103529832
12 188.03414102034986
16 29.38911179785032
20 38.35043789852369
43
8 198.18289188678884
12 209.2795603934231
16 34.437102672652955
20 44.43545153175918
44
8 212.5876551411808
12 230.0557704217712
16 30.588417057890783
20 46.36807442667936
45
8 232.25774332008385
12 234.94427403785818
16 29.553298769549205
20 45.03582058406786
46
8 259.48997205564183
12 253.00000605612044
16 36.37696444790684
20 62.52964028666469
47
8 270.98274025432505
12 268.2920802790084
16 16.27963531096589
20 47.09725207555293
48
8 265.89377694975434
12 264.30377259272876
16 8.31230617755678
20 49.35674140911695
49
8 291.4214785102615
12 286.4389594913865
16 14.055639432525291
20 53.96119887682456
50
8 300.54287950597785
12 334.27814150714136
16 39.89592435294161
20 58.94263098329003
51
8 329.93036945025574
12 341.89849420429596
16 18.98729624189197
20 35.42659655344558
52
8 325.14311290242244
12 344.1352096784704
16 30.177346966795728
20 23.20906234430159
53
8 322.08746929814765
12 338.1818884229174
16 42.808442908900794
20 23.822848885787234
54
8 341.3269446874409
12 348.39718544840423
16 39.69779765755389
20 28.96001371852339
55
8 346.68373460987334
12 350.30077202847275
16 42.89733230583786
20 26.518434222856627
56
8 340.9874451228268
12 348.2903302881147
16 44.50925433389114
20 33.12319276586545
57
8 340.94198678780305
12 344.10205458142036
16 39.48143757697347
20 26.94187080510829
58
8 336.6337720312976
12 336.1274320679946
16 40.70931261895373
20 34.21309145186944
59
8 336.5282911524526
12 336.055465350282
16 40.82345168365704
20 28.968842015916696
60
8 332.09292456063974
12 336.38663204625533
16 44.736973990896516
20 37.95419089154934
61
8 310.4948432643731
12 343.55288837135936
16 59.83129679920311
20 68.02931150391439
62
8 296.910850831548
12 325.15457808231923
16 66.89348930571322
20 68.86018584540783
63
8 306.7657474859998
12 334.6878006972765
16 69.1734515694012
20 68.22872446698833
64
8 303.0635818519898
12 314.4972745291643
16 46.35138948172967
20 47.081797076680594
65
8 316.0091058702111
12 306.09460977225893
16 29.39473422121515
20 26.89422481967341
66
8 324.41278049768454
12 305.509566700764
16 33.45345842186529
20 18.58612218012087
67
8 324.769250267496
12 300.1382724654038
16 40.312780011231986
20 21.757110307764343
68
8 328.99773193717107
12 306.7172182253091
16 44.90747238066288
20 23.476893403918098
69
8 346.4188800954069
12 325.32174383850554
16 63.307872653694375
20 33.185990027616064
70
8 351.2919154852955
12 340.49541717138754
16 67.33475145950602
20 43.09858171884285
71
8 341.53736156546967
12 330.63936340087395
16 62.097671419860404
20 39.68310334167175
72
8 322.61473075294214
12 310.8000011068665
16 35.114419556713905
20 33.47348430346923
73
8 311.183433347489
12 297.046050253494
16 37.097315051794396
20 25.674309288147015
74
8 306.5523390995213
12 295.92710505253933
16 41.2428302557198
20 31.35426496600462
75
8 302.8545637915541
12 298.44311853918464
16 37.67530915980422
20 36.76703634882088
76
8 302.78127174310436
12 303.7626390345233
16 33.875972097660565
20 28.6418435681109
77
8 306.4868569793436
12 296.19651840784655
16 25.76549362991878
20 32.99206631503516
78
8 299.70260366853245
12 272.71846132128604
16 26.44172564690082
20 26.017992384986524
79
8 314.38342792633154
12 302.3520661806735
16 34.885894565188366
20 44.45165546141563
80
8 307.0353351938378
12 312.179923755781
16 39.21704312638464
20 53.96576697086071
81
8 331.44654559997207
12 330.4506195215438
16 36.48067062069694
20 33.76476009755194
82
8 327.2970290884069
12 326.0517399351495
16 29.6602438388579
20 29.28596074797971
83
8 307.12781883591447
12 290.0788456607652
16 32.87660103440701
20 28.60674350815839
84
8 288.4415245567645
12 277.09306839670796
16 28.3340401697041
20 24.827547176299703
85
8 290.9621134533623
12 276.1824558716014
16 77.27193443038789
20 25.551116394665375
86
8 298.81845314831287
12 294.0175044979316
16 53.89590218564963
20 51.98695002568183
87
8 315.58671103309496
12 323.0934971053573
16 35.63658312662364
20 31.52326568045459
88
8 319.1893649488038
12 325.80927992151425
16 23.35486622795893
20 16.672228648485905
89
8 305.4240921102986
12 348.60968026483994
16 47.581197087964114
20 49.19960306033166
90
8 324.44983199952907
12 355.3484563798093
16 29.70042905250812
20 27.53915424762592
91
8 323.7250881866444
12 355.46250215201667
16 41.858081715440996
20 29.63437418847558
92
8 349.9376731558552
12 364.4799456386688
16 45.84816364670513
20 22.670043554393093
93
8 352.2800816159434
12 356.84570433948545
16 64.7555639931407
20 32.183282856932884
94
8 342.50793650388067
12 354.6117126225145
16 59.64917993705704
20 50.66615366824604
95
8 334.5340112112504
12 350.7412723651991
16 66.33714431399402
20 61.086971681452326
96
8 337.3989741999841
12 350.26659845282325
16 69.51667885733566
20 50.88642448558109
97
8 341.4473585761834
12 345.68808050292176
16 58.4912695346085
20 45.951881115378015
98
8 341.0049487476504
12 352.4194116053839
16 54.98629737427399
20 42.78998152806112
99
8 339.98749090350424
12 351.06457690461724
16 57.562358567522985
20 43.344440840936706
