[[[-2.18523422],
       [-0.81848866],
       [ 2.37764035],
       [-1.60476513],
       [ 0.4223924 ],
       [-0.6708365 ],
       [-1.74497196],
       [ 2.14310503],
       [ 1.560726  ],
       [ 0.03474863],
       [-2.45107374],
       [ 1.1779657 ],
       [-0.06276106],
       [ 5.18057989],
       [-1.09982373],
       [ 1.14454306],
       [ 6.47227104],
       [ 0.02604773],
       [-1.30956659],
       [-2.60656157],
       [ 1.54911591],
       [-5.02447061],
       [-0.4215796 ],
       [ 5.98596179],
       [-0.20345762],
       [ 0.21090235],
       [-0.16784041],
       [-0.69020853],
       [-0.55066987],
       [-0.62854023],
       [ 0.32594339],
       [-3.3418097 ],
       [-1.89388602],
       [-6.83254053],
       [-3.32364542],
       [ 0.27354041],
       [-2.64279132],
       [-1.16704214],
       [ 1.3971189 ],
       [ 4.14083004],
       [ 1.27723538],
       [-3.34473944],
       [ 3.86904706],
       [ 0.77643218],
       [-1.0698784 ],
       [ 1.87616475],
       [ 2.38266821],
       [ 6.45424636],
       [ 3.52640252],
       [ 1.16455855]], [[-1.33135091],
       [ 0.99831938],
       [-0.29711312],
       [-0.80590225],
       [-1.03566482],
       [ 0.40993872],
       [-0.46555701],
       [-0.50593813],
       [-0.24166757],
       [-0.3193107 ]], [[-0.55444508],
       [-2.73217027],
       [-1.60873932]]];
[[[ 1.40447938,  1.62597771, -1.85426115, -1.28454457],
       [-0.19255224, -1.30456646,  0.26393228,  0.011354  ],
       [ 0.37137726, -0.15576809, -2.86402768, -1.54704835],
       [ 0.17490942, -0.06761231, -0.44879031, -1.23646105],
       [ 1.45869697, -0.79103237, -2.83216351,  1.56697506],
       [-2.49584451, -0.13256902,  2.51652177,  1.23171072],
       [-1.6362384 ,  2.82792528,  2.73347663, -2.69575345],
       [-2.27820098,  1.89273198, -0.04509879, -3.28972836],
       [ 1.83775438, -4.48155459, -0.82782522,  1.73916997],
       [-0.45162932,  0.96055112,  0.41118381, -1.19222632],
       [-1.42635514,  3.11148864,  1.15007075, -0.95230356],
       [-2.2552329 ,  6.59271206, -1.35427156, -5.50793732],
       [ 2.94038752, -0.83853266, -3.64095492,  0.93030276],
       [ 2.61404383, -0.73910933, -5.6472487 , -1.90500698],
       [-0.5492339 , -0.88256759,  0.02784718, -0.0275906 ],
       [ 1.51563031,  0.07574539, -2.44164487, -0.98438946],
       [ 3.20307902, -3.50274294, -4.75807899,  0.20404624],
       [-1.35895641,  0.68936496,  0.58238798, -2.01205465],
       [-0.60138736, -0.41859965, -0.11580555, -0.73208091],
       [ 1.54802703, -1.07246296, -1.03086801, -0.77281086],
       [ 0.42726621,  0.48113765, -0.02724758,  1.56986266],
       [-3.16280573, -0.75014196,  6.68316742,  1.18367902],
       [ 4.36733888, -2.00967361, -2.37166368, -0.06027219],
       [ 2.18854945, -6.53976977, -4.80966544,  4.86543722],
       [-1.12540897, -1.74021844,  0.91886919,  3.79734458],
       [-0.07269724, -0.44958249, -0.78403722, -0.69608794],
       [ 0.49286939, -2.11428746, -0.41200348,  0.6677107 ],
       [-0.57575792,  0.31008572,  0.43515833, -0.74848583],
       [-0.23079637,  3.07621609, -1.74536627, -2.09112786],
       [-0.03999922, -0.50884862, -0.1184199 , -0.27231792],
       [ 0.45767623, -5.15663437,  0.47965793,  4.76652466],
       [-2.27281489,  5.6752985 ,  2.41374154, -3.32895017],
       [ 0.02345162, -0.5220005 , -0.42801289, -0.17190963],
       [-2.76087495,  3.970411  ,  4.5775008 , -0.84409153],
       [-4.47946825,  0.48838441,  4.7663137 ,  3.03945806],
       [ 0.02537978, -1.5085381 , -0.91940928,  0.55380671],
       [-1.69264495,  3.93863348,  1.84607125, -1.88458622],
       [-1.01763645,  1.97763808,  2.33360407, -2.37392616],
       [-0.60305989, -2.37032032, -0.49213498,  1.40260723],
       [ 0.62868421, -5.05869262, -1.76104001,  2.45870887],
       [-0.28130023, -1.48193391, -0.08132417, -1.02772785],
       [-2.35301733,  6.01235463,  2.34223621, -3.43310549],
       [ 3.12604853, -7.58671571, -3.42951096,  5.2216472 ],
       [-0.47574428, -1.57628413, -0.83073105,  0.92277217],
       [-0.68881867,  0.05526437, -0.10526126, -0.46185184],
       [ 0.71109073, -1.05425464, -3.4690902 ,  1.25181398],
       [ 0.87895968, -3.38352962, -0.21177611, -0.47797132],
       [ 1.51963634, -7.2261965 , -4.47010573,  5.62816701],
       [ 0.29590965, -0.40285879, -3.41447701, -0.82240068],
       [-0.41042217,  1.51851254,  0.15302588,  2.01283369]], [[ 3.85866121e-02, -3.51125038e-01, -4.20403489e-02,
        -9.77039431e-01,  1.44550577e+00, -3.25413486e-01,
        -4.91970781e-01,  4.63972962e-01, -1.11959080e+00,
        -3.13319902e-02, -1.50726263e+00, -8.47825397e-01,
         9.00702794e-01,  1.25173039e+00,  1.40891039e+00,
         3.20116314e-01,  2.56375746e+00, -8.30763180e-01,
        -6.91300658e-02, -3.50501920e-01,  1.05075991e+00,
        -3.40895968e-01,  3.95327133e-01,  3.15398917e+00,
         5.64279395e-02,  1.97537230e-02,  4.22035718e-01,
        -3.34477475e-01, -8.40631215e-01,  6.73108781e-01,
         6.62072685e-01, -3.98931302e-01,  1.37542152e-01,
        -2.52079180e+00, -1.21773919e+00, -3.19414615e-01,
        -8.52374001e-01, -1.79817022e+00,  2.14951095e+00,
         2.56651483e+00, -3.49217385e-01, -1.80000163e-01,
         2.24099497e+00, -6.44125872e-01,  1.35722368e+00,
         9.02378729e-01,  4.91993836e-01,  1.78703608e+00,
         1.26703817e+00,  1.51641502e-01],
       [-3.96797846e-02, -1.08956016e+00,  2.58630486e-01,
         3.97395544e-01, -1.98289876e+00, -1.36635421e+00,
        -2.78352478e-01,  7.85764933e-01, -1.44751039e+00,
         7.42162642e-01,  2.59373173e-01, -1.48115406e+00,
        -6.01974562e-02, -4.07067463e-01, -3.26345029e-01,
         7.68468312e-01, -3.75610287e-01,  8.08206577e-02,
        -1.57031880e+00, -1.41636553e+00, -6.44142851e-01,
        -7.60188930e-01, -6.29504512e-01, -1.78347348e+00,
        -6.85536115e-01, -2.17439826e+00,  1.33923941e+00,
        -9.95282586e-01, -6.74061834e-01, -4.73730868e-01,
         2.70027500e-01,  1.77120127e+00,  4.44906554e-01,
         1.97434467e+00, -9.62962867e-01,  7.80600325e-01,
        -7.00260254e-01, -1.22392226e+00,  1.14372711e+00,
        -1.99771899e+00, -1.83433834e+00, -1.99907527e+00,
         7.83031860e-01, -2.47199111e+00, -4.70776971e-01,
        -1.03839203e+00,  1.33947910e+00,  9.45597242e-01,
         1.58970363e+00, -3.80506505e-01],
       [ 2.14727955e-01,  1.42061363e+00,  4.37496866e-01,
        -2.23934871e-01, -2.25839410e+00,  8.43454608e-02,
         1.30948235e+00,  2.38937945e+00, -1.24969692e+00,
         6.20332587e-01, -6.15383053e-01,  3.49407457e+00,
        -1.52346083e+00,  6.91771148e-01,  1.88594977e+00,
         3.67579492e-01, -8.83422818e-01,  9.78131060e-01,
         1.07111369e+00, -1.88409126e+00, -1.49719794e+00,
         3.45144385e-01, -1.68482045e+00, -1.76142568e+00,
         1.70034648e-01,  5.93889175e-01, -1.48966113e+00,
         2.06466403e+00,  3.15254023e+00, -1.86091381e-01,
        -2.11080010e+00,  5.17983653e-01,  5.16945672e-01,
        -7.33874634e-01,  8.70978681e-01,  2.80206010e-01,
         3.63585814e-01, -9.34303815e-02, -3.35671211e-02,
         4.84878454e-01, -9.38947381e-01,  2.67509534e+00,
        -2.45017634e+00,  4.44033557e-01,  5.85057366e-01,
        -1.43061233e+00,  1.99972956e+00, -4.77837970e-01,
         9.73825202e-01, -5.06879790e-01],
       [ 3.84616394e-01, -5.29087907e-01, -9.07044040e-01,
         1.56983309e+00,  1.74464542e-01,  7.67842995e-01,
        -1.50579048e+00,  2.71874123e+00,  8.08519223e-01,
        -8.01811595e-01,  1.66364329e+00, -1.00325125e+00,
        -8.18514030e-02,  3.32958523e-01,  1.17631240e+00,
         7.10187512e-01, -2.37570830e+00, -1.68021570e-01,
        -8.08769916e-01, -1.04788439e+00, -1.93025539e-01,
        -2.06811641e-01,  5.19655102e-01,  5.37527841e-01,
         9.48257541e-01,  1.46434550e+00,  7.63323173e-01,
        -3.55469159e-01, -4.09530209e-01,  7.94075426e-01,
        -6.46199987e-01, -4.11544401e-01,  1.03686877e+00,
         2.01113509e+00, -4.62154333e-01,  1.18741639e+00,
         1.09814296e+00,  7.88401030e-01, -5.67027662e-01,
         1.54418482e-01,  1.43768206e+00, -3.79188209e-01,
         9.63061043e-01,  5.46484395e-01, -1.08755576e+00,
        -8.46570545e-02,  1.70651862e+00,  7.92772594e-02,
        -6.21777614e-01, -8.51705465e-01],
       [ 7.29116090e-01, -1.54365340e+00,  4.69941603e-01,
         2.68578400e-02,  2.11794166e-01,  6.10598308e-02,
         2.17982653e+00,  9.87325986e-01, -3.21019351e+00,
         2.56325431e-01,  1.13308590e+00,  2.99031287e+00,
        -1.08358743e+00, -4.52405492e-01, -1.47905329e+00,
         5.22895266e-01, -1.76389001e+00,  1.28852477e+00,
         3.95771990e-01,  1.82260408e+00,  6.53821074e-01,
         1.21309906e+00, -8.43780222e-01, -3.21560960e+00,
        -1.06927631e+00, -6.25646269e-01, -2.08218963e+00,
         2.18543063e-01,  1.70205534e+00,  3.51501094e-01,
        -2.13725628e+00,  3.68066591e+00, -1.20798183e+00,
         2.48381998e+00,  2.57246399e-01, -2.08044842e+00,
         2.32992940e+00,  1.10391819e+00, -1.84862819e-01,
        -2.81032693e+00,  1.17962405e-01,  3.35084712e+00,
        -3.43915041e+00, -2.23341320e+00,  6.96119028e-02,
        -2.14135868e+00, -1.83326383e+00, -5.05908642e+00,
         2.26370330e-01, -1.43649403e+00],
       [ 9.21411753e-01,  1.08929235e+00,  3.45787279e+00,
         1.58333000e+00,  1.23126708e+00, -6.43523401e-01,
         7.62805121e-01,  4.18246731e-01,  2.14780501e-01,
        -1.45940390e-01, -1.03699455e+00,  1.58207659e+00,
         2.74975073e+00,  4.94980071e+00, -2.05424212e+00,
         1.57026718e+00,  1.07211349e+00,  1.33656369e+00,
         4.97274147e-01,  5.22450930e-01,  1.39619737e+00,
        -3.32797778e+00,  1.89688298e+00,  1.77534145e+00,
        -2.83638902e+00, -9.58674788e-02, -1.02131113e+00,
         4.37314333e-01,  1.53048645e+00,  4.70143283e-01,
        -1.24750086e+00, -9.87249618e-01, -5.51034403e-01,
        -1.03908546e+00, -3.28859558e+00,  7.81609003e-01,
        -7.24197607e-01, -9.20317577e-01,  9.76984965e-01,
         6.56242235e-01,  1.73131909e+00, -6.73409990e-01,
         1.15145654e+00,  5.14423801e-01, -8.26126610e-01,
        -4.23138866e-02,  1.69044296e+00,  7.88984509e-01,
         2.61785145e+00,  8.77852470e-02],
       [-3.28830163e-01,  7.42755872e-01, -1.77343521e+00,
        -3.31400777e-02, -2.34518428e-01,  2.32364740e+00,
         1.59097772e+00, -1.64534051e+00, -1.53413304e+00,
         1.32582983e-01,  1.21923779e-01, -1.91121545e+00,
        -1.95086100e-01, -2.71644110e+00, -1.08800938e+00,
        -1.72409950e+00, -3.02631008e+00,  5.50197997e-01,
        -1.90305322e-02,  6.94116336e-01, -1.10917628e+00,
         3.76660742e+00, -1.31603832e+00, -1.93722635e+00,
        -4.07702881e-01, -1.43466170e+00, -1.35551738e+00,
         8.82101052e-01, -1.11385948e+00,  9.67345317e-01,
         1.59900089e+00,  1.08036021e+00, -6.98742674e-01,
         2.79192126e+00,  3.72397670e+00, -1.00715485e+00,
         4.86346042e-02, -5.57476967e-01, -6.83922276e-02,
        -8.18269276e-01, -1.58020610e+00,  9.83959886e-01,
        -8.70419090e-01, -1.05717841e+00,  7.56098779e-01,
        -1.41160091e+00, -1.79054367e+00, -2.34500921e+00,
        -2.78707612e+00, -1.18954459e+00],
       [-2.67973537e-01,  3.20098304e-01, -4.59243251e-01,
        -1.91229028e-01,  6.08504536e-01,  4.37911468e-02,
        -7.53442204e-01, -1.83634998e+00,  1.64622603e+00,
        -4.31931870e-01, -1.44204388e+00, -3.92120101e+00,
        -5.04800878e-01, -7.16036335e-01,  3.23208251e-01,
        -3.99775657e-01,  1.44037974e-01,  8.39090683e-02,
         1.64243720e+00,  1.69365249e+00, -6.57225497e-01,
         1.13663745e+00,  8.55877508e-01,  1.33566831e+00,
         2.18267594e+00, -3.45493595e-01, -1.09279544e+00,
         1.54249020e+00, -4.35032274e-01,  5.79467992e-01,
         3.49661193e+00, -2.13126325e+00,  1.75136775e+00,
        -3.99114305e-01,  1.76973220e+00,  2.34118982e+00,
         2.49324454e-01, -1.55555621e+00,  1.54610763e+00,
         6.42117142e-01, -3.79599179e-01, -9.06526164e-01,
         3.41122752e+00, -4.48705013e-01, -1.76233508e+00,
        -5.95879431e-01,  1.09687852e+00,  2.43285153e+00,
        -3.73570014e-01,  7.84058592e-02],
       [ 8.87418503e-01,  1.31637806e+00,  1.33609421e+00,
         1.80749928e+00, -1.52988532e+00,  1.09783933e+00,
         7.00738606e-01,  2.20586108e+00, -2.75106303e-01,
         6.15887060e-01,  1.73244934e-01,  1.96001057e+00,
        -1.05933589e+00, -4.29455431e-01, -1.91428974e+00,
        -3.03125114e+00, -1.08790769e+00,  1.17180856e+00,
         6.37363269e-01, -6.71572557e-01,  1.35445188e+00,
         2.45431913e-01, -1.80436627e+00, -8.96493324e-01,
        -1.16962528e+00, -1.42480110e+00,  9.10912526e-01,
        -9.92465969e-01,  3.72297362e-01, -5.91326014e-02,
        -4.31389255e-01,  1.48892040e+00, -2.45276837e-01,
         7.79948224e-01, -2.57110610e-03, -4.67940964e-01,
         9.84316075e-01, -2.04468821e-01,  6.03302957e-01,
        -2.51943728e-01,  1.15601109e+00, -1.24074505e-01,
        -9.04956250e-01, -3.92068175e-01, -1.70192739e+00,
         1.40271014e-01, -1.33411808e+00, -6.76238592e-02,
         9.49865950e-02, -1.74976045e-01],
       [ 2.32158500e+00, -1.68062580e+00, -1.42049995e-01,
         5.22964231e-01,  1.12819505e+00, -1.43506327e+00,
        -2.47041838e-01,  7.20678235e-01, -1.53815527e+00,
        -2.61791064e-01,  3.27773919e-01,  3.08595159e+00,
         8.63759756e-01,  6.29935815e-01,  4.41583189e-01,
         1.01399800e+00,  3.29497568e-01, -9.70315295e-01,
         6.76765667e-02,  5.75820372e-01, -3.59545626e-01,
        -2.62275660e+00,  1.23134269e+00, -1.47885968e+00,
        -1.76860771e+00, -2.36381808e-01, -2.03270999e+00,
         9.59211842e-01,  7.98119491e-01, -1.00293506e+00,
        -1.64875616e+00,  9.62112262e-01,  8.96540427e-01,
        -1.23119492e+00, -2.47812908e+00,  1.43108439e-01,
         7.37337097e-01, -4.26031868e-01, -1.73926605e+00,
        -3.09442568e+00, -1.54142507e+00,  1.61577280e+00,
        -1.68293231e+00, -1.05903188e+00,  6.73410817e-01,
         3.41411442e-01, -1.59307856e+00, -1.87136159e+00,
        -3.08659314e-02, -7.46909493e-01]], [[ 1.09510264,  0.75873476, -5.39152895, -0.34816203, -3.20663398,
         1.61568205, -2.85891722,  5.80386107, -1.60895856, -4.84828335],
       [-2.2438127 , -0.19059768,  0.13063699, -0.3240094 ,  4.63831825,
        -4.95792145,  3.70731021, -0.28678985,  1.70974243, -3.88540114],
       [-1.45010145,  0.57414078, -0.45503788, -2.90610775,  3.21260174,
         2.65042215, -2.49873497, -5.18007339, -2.23288742,  6.22579889]]]